task_id,total_disc_reward,cumulative_reward,moving_avg_reward,overall_est_accur,warnings_received,cumulative_warnings,moving_avg_warnings,robot_model_ID
1,5.20875,5.20875,5.20875,0,0,0,0,0
2,5.20875,10.4175,5.20875,33.3333333333,0,0,0,0
3,-3.56478,6.85272,2.28424,37.5,0,0,0,0
4,5.20875,12.06147,3.0153675,12.5,0,0,0,0
5,5.20875,17.27022,3.454044,25,0,0,0,0
6,5.88,23.15022,3.85837,100,0,0,0,0
7,5.88,29.03022,4.1471742857,100,0,0,0,0
8,5.20875,34.23897,4.27987125,50,0,0,0,0
9,5.64715,39.88612,4.4317911111,80,0,0,0,0
10,3.19428,43.0804,4.30804,40,0,0,0,0
11,5.88,48.9604,4.4509454545,100,0,0,0,0
12,5.88,54.8404,4.5700333333,100,0,0,0,0
13,4.68675,59.52715,4.5790115385,80,0,0,0,0
14,5.88,65.40715,4.6719392857,100,0,0,0,0
15,4.59302,70.00017,4.666678,66.6666666667,0,0,0,0
16,5.88,75.88017,4.742510625,100,0,0,0,0
17,5.88,81.76017,4.8094217647,100,0,0,0,0
18,4.68675,86.44692,4.8026066667,80,0,0,0,0
19,5.42352,91.87044,4.8352863158,50,0,0,0,0
20,5.88,97.75044,4.887522,100,0,0,0,0
21,5.88,103.63044,4.9347828571,100,0,0,0,0
22,5.88,109.51044,4.9777472727,100,0,0,0,0
23,-8.25939,101.25105,4.4022195652,20,2,2,0.0869565217,0
24,5.7624,107.01345,4.45889375,100,0,2,0.0833333333,0
25,5.7624,112.77585,4.511034,100,0,2,0.08,0
26,5.88,118.65585,4.5636865385,100,0,2,0.0769230769,0
27,5.88,124.53585,4.6124388889,100,0,2,0.0740740741,0
28,5.88,130.41585,4.6577089286,100,0,2,0.0714285714,0
29,5.7624,136.17825,4.6958017241,75,0,2,0.0689655172,0
30,5.7624,141.94065,4.731355,100,0,2,0.0666666667,0
31,5.7624,147.70305,4.7646145161,100,0,2,0.064516129,0
32,5.88,153.58305,4.7994703125,100,0,2,0.0625,0
33,5.88,159.46305,4.8322136364,100,0,2,0.0606060606,0
34,5.88,165.34305,4.8630308824,100,0,2,0.0588235294,0
35,5.88,171.22305,4.8920871429,100,0,2,0.0571428571,0
36,5.20875,176.4318,4.9008833333,22.2222222222,0,2,0.0555555556,0
37,5.88,182.3118,4.9273459459,100,0,2,0.0540540541,0
38,5.88,188.1918,4.9524157895,100,0,2,0.0526315789,0
39,5.64715,193.83895,4.9702294872,80,0,2,0.0512820513,0
40,5.7624,199.60135,4.99003375,100,0,2,0.05,0
41,5.7624,205.36375,5.0088719512,66.6666666667,0,2,0.0487804878,0
42,5.88,211.24375,5.0296130952,66.6666666667,0,2,0.0476190476,0
43,5.7624,217.00615,5.0466546512,50,0,2,0.0465116279,0
44,2.94,219.94615,4.9987761364,33.3333333333,0,2,0.0454545455,0
45,5.88,225.82615,5.0183588889,66.6666666667,0,2,0.0444444444,0
46,5.88,231.70615,5.0370902174,66.6666666667,0,2,0.0434782609,0
47,5.88,237.58615,5.0550244681,66.6666666667,0,2,0.0425531915,0
48,5.31505,242.9012,5.0604416667,12.5,0,2,0.0416666667,0
49,5.88,248.7812,5.0771673469,66.6666666667,0,2,0.0408163265,0
50,5.88,254.6612,5.093224,66.6666666667,0,2,0.04,0
51,2.94,257.6012,5.0510039216,33.3333333333,0,2,0.0392156863,0
52,5.7624,263.3636,5.0646846154,75,0,2,0.0384615385,0
53,5.7624,269.126,5.0778490566,75,0,2,0.0377358491,0
54,5.88,275.006,5.0927037037,66.6666666667,0,2,0.037037037,0
55,5.64715,280.65315,5.1027845455,40,0,2,0.0363636364,0
56,5.88,286.53315,5.1166633929,66.6666666667,0,2,0.0357142857,0
57,5.53421,292.06736,5.1239887719,33.3333333333,0,2,0.0350877193,0
58,5.88,297.94736,5.1370234483,66.6666666667,0,2,0.0344827586,0
59,2.94,300.88736,5.0997857627,33.3333333333,0,2,0.0338983051,0
60,5.53421,306.42157,5.1070261667,50,0,2,0.0333333333,0
61,5.64715,312.06872,5.1158806557,80,0,2,0.0327868852,0
62,-2.26093,309.80779,4.9968998387,31.25,0,2,0.0322580645,0
63,2.8812,312.68899,4.9633173016,75,0,2,0.0317460317,0
64,5.20875,317.89774,4.9671521875,33.3333333333,0,2,0.03125,0
65,5.31505,323.21279,4.9725044615,42.8571428571,0,2,0.0307692308,0
66,-2.65753,320.55526,4.8568978788,62.5,0,2,0.0303030303,0
67,1.71634,322.2716,4.8100238806,37.5,0,2,0.0298507463,0
68,5.31505,327.58665,4.8174507353,62.5,0,2,0.0294117647,0
69,-2.65753,324.92912,4.7091176812,75,0,2,0.0289855072,0
70,5.88,330.80912,4.7258445714,100,0,2,0.0285714286,0
71,5.31505,336.12417,4.7341432394,62.5,0,2,0.0281690141,0
72,5.53421,341.65838,4.7452552778,60,0,2,0.0277777778,0
73,-2.71176,338.94662,4.6431043836,28.5714285714,0,2,0.0273972603,0
74,5.64715,344.59377,4.6566725676,100,0,2,0.027027027,0
75,5.88,350.47377,4.6729836,100,0,2,0.0266666667,0
76,5.42352,355.89729,4.6828590789,42.8571428571,0,2,0.0263157895,0
77,5.31505,361.21234,4.6910693506,50,0,2,0.025974026,0
78,-0.0542352,361.1581048,4.6302321128,37.5,1,3,0.0384615385,0
79,5.42352,366.5816248,4.6402737316,57.1428571429,0,3,0.0379746835,0
80,-2.65753,363.9240948,4.549051185,37.5,0,3,0.0375,0
81,5.20875,369.1328448,4.5571956148,66.6666666667,0,3,0.037037037,0
82,2.71176,371.8446048,4.5346903024,14.2857142857,0,3,0.0365853659,0
83,5.20875,377.0533548,4.5428115036,22.2222222222,0,3,0.0361445783,0
84,5.20875,382.2621048,4.5507393429,44.4444444444,0,3,0.0357142857,0
85,5.20875,387.4708548,4.5584806447,37.5,0,3,0.0352941176,0
86,2.07886,389.5497148,4.5296478465,41.6666666667,1,4,0.0465116279,0
87,5.20875,394.7584648,4.5374536184,55.5555555556,0,4,0.0459770115,0
88,5.88,400.6384648,4.5527098273,66.6666666667,0,4,0.0454545455,0
89,5.31505,405.9535148,4.5612754472,25,0,4,0.0449438202,0
90,5.20875,411.1622648,4.5684696089,44.4444444444,0,4,0.0444444444,0
91,5.10458,416.2668448,4.5743609319,20,0,4,0.043956044,0
92,5.64715,421.9139948,4.5860216826,60,0,4,0.0434782609,0
93,5.88,427.7939948,4.599935428,66.6666666667,0,4,0.0430107527,0
94,5.64715,433.4411448,4.6110760085,60,0,4,0.0425531915,0
95,2.65753,436.0986748,4.5905123663,25,0,4,0.0421052632,0
96,5.64715,441.7458248,4.6015190083,100,0,4,0.0416666667,0
97,-2.30707,439.4387548,4.5302964412,20,0,4,0.0412371134,0
98,5.88,445.3187548,4.5440689265,66.6666666667,0,4,0.0408163265,0
99,5.10458,450.4233348,4.5497306545,40,0,4,0.0404040404,0
100,2.55123,452.9745648,4.529745648,22.2222222222,1,5,0.05,0
