task_id,step_count,who_reports,update_received_time,update_secs,update_nsecs,human_model,human_observables,Human Detected,Looked Around,Succesfull Grasp,Failed Grasp,Warned Robot,Stood Idle
1,1,"""OBSERVATION""",,1541932426,913183844,"""beginner_tired_noncollaborative.POMDPx""","[True, False, False, False, False, True]",1,0,0,0,0,1
1,2,"""OBSERVATION""",,1541932431,713073274,"""beginner_tired_noncollaborative.POMDPx""","[True, False, False, False, False, True]",1,0,0,0,0,1
1,3,"""OBSERVATION""",,1541932445,729795238,"""beginner_tired_noncollaborative.POMDPx""","[True, False, False, True, False, False]",1,0,0,1,0,0
1,4,"""OBSERVATION""",,1541932450,896499350,"""beginner_tired_noncollaborative.POMDPx""","[True, False, False, False, False, True]",1,0,0,0,0,1
1,5,"""OBSERVATION""",,1541932455,496389318,"""beginner_tired_noncollaborative.POMDPx""","[True, False, False, False, False, True]",1,0,0,0,0,1
1,6,"""OBSERVATION""",,1541932460,13636060,"""beginner_tired_noncollaborative.POMDPx""","[True, False, False, False, True, False]",1,0,0,0,1,0
1,7,"""OBSERVATION""",,1541932464,846490335,"""beginner_tired_noncollaborative.POMDPx""","[True, False, False, False, False, True]",1,0,0,0,0,1
1,8,"""OBSERVATION""",,1541932480,296657782,"""beginner_tired_noncollaborative.POMDPx""","[True, False, False, False, False, True]",1,0,0,0,0,1
2,1,"""OBSERVATION""",,1541932495,596411332,"""beginner_tired_noncollaborative.POMDPx""","[True, False, False, False, False, True]",1,0,0,0,0,1
2,2,"""OBSERVATION""",,1541932502,929905492,"""beginner_tired_noncollaborative.POMDPx""","[True, True, False, False, False, True]",1,1,0,0,0,1
2,3,"""OBSERVATION""",,1541932507,246411211,"""beginner_tired_noncollaborative.POMDPx""","[False, True, False, False, False, False]",0,1,0,0,0,0
2,4,"""OBSERVATION""",,1541932511,596460669,"""beginner_tired_noncollaborative.POMDPx""","[False, True, False, False, False, False]",0,1,0,0,0,0
2,5,"""OBSERVATION""",,1541932515,796545072,"""beginner_tired_noncollaborative.POMDPx""","[False, True, False, False, False, False]",0,1,0,0,0,0
2,6,"""OBSERVATION""",,1541932520,529744423,"""beginner_tired_noncollaborative.POMDPx""","[False, True, False, False, False, False]",0,1,0,0,0,0
3,1,"""OBSERVATION""",,1541932550,363180486,"""beginner_tired_noncollaborative.POMDPx""","[True, False, False, True, False, False]",1,0,0,1,0,0
3,2,"""OBSERVATION""",,1541932559,613111398,"""beginner_tired_noncollaborative.POMDPx""","[True, False, False, False, False, True]",1,0,0,0,0,1
3,3,"""OBSERVATION""",,1541932569,946373024,"""beginner_tired_noncollaborative.POMDPx""","[True, False, True, False, False, False]",1,0,1,0,0,0
4,1,"""OBSERVATION""",,1541932587,329807052,"""beginner_tired_noncollaborative.POMDPx""","[True, False, False, False, False, True]",1,0,0,0,0,1
4,2,"""OBSERVATION""",,1541932605,879771259,"""beginner_tired_noncollaborative.POMDPx""","[True, False, False, True, False, False]",1,0,0,1,0,0
4,3,"""OBSERVATION""",,1541932611,429768081,"""beginner_tired_noncollaborative.POMDPx""","[True, False, False, False, False, True]",1,0,0,0,0,1
4,4,"""OBSERVATION""",,1541932618,729872577,"""beginner_tired_noncollaborative.POMDPx""","[True, True, False, False, False, True]",1,1,0,0,0,1
4,5,"""OBSERVATION""",,1541932623,463027125,"""beginner_tired_noncollaborative.POMDPx""","[True, False, False, False, False, True]",1,0,0,0,0,1
4,6,"""OBSERVATION""",,1541932627,747224108,"""beginner_tired_noncollaborative.POMDPx""","[True, False, False, False, True, False]",1,0,0,0,1,0
5,1,"""OBSERVATION""",,1541932656,480152993,"""beginner_tired_noncollaborative.POMDPx""","[True, False, False, False, False, True]",1,0,0,0,0,1
5,2,"""OBSERVATION""",,1541932660,979739914,"""beginner_tired_noncollaborative.POMDPx""","[True, False, False, False, False, True]",1,0,0,0,0,1
5,3,"""OBSERVATION""",,1541932679,430297546,"""beginner_tired_noncollaborative.POMDPx""","[True, False, False, True, False, False]",1,0,0,1,0,0
5,4,"""OBSERVATION""",,1541932689,563086456,"""beginner_tired_noncollaborative.POMDPx""","[True, False, False, False, False, True]",1,0,0,0,0,1
5,5,"""OBSERVATION""",,1541932694,130292032,"""beginner_tired_noncollaborative.POMDPx""","[True, False, False, False, False, True]",1,0,0,0,0,1
5,6,"""OBSERVATION""",,1541932697,963112311,"""beginner_tired_noncollaborative.POMDPx""","[True, False, False, False, True, False]",1,0,0,0,1,0
5,7,"""OBSERVATION""",,1541932711,796543102,"""beginner_tired_noncollaborative.POMDPx""","[True, False, False, False, False, True]",1,0,0,0,0,1
6,1,"""OBSERVATION""",,1541932733,513094348,"""beginner_tired_noncollaborative.POMDPx""","[True, False, True, False, False, False]",1,0,1,0,0,0
7,1,"""OBSERVATION""",,1541932756,429954935,"""beginner_tired_noncollaborative.POMDPx""","[True, False, True, False, False, False]",1,0,1,0,0,0
8,1,"""OBSERVATION""",,1541932773,413050738,"""beginner_tired_noncollaborative.POMDPx""","[True, False, False, False, False, True]",1,0,0,0,0,1
8,2,"""OBSERVATION""",,1541932778,46464392,"""beginner_tired_noncollaborative.POMDPx""","[True, False, False, False, False, True]",1,0,0,0,0,1
8,3,"""OBSERVATION""",,1541932796,129791765,"""beginner_tired_noncollaborative.POMDPx""","[True, False, False, True, False, False]",1,0,0,1,0,0
8,4,"""OBSERVATION""",,1541932802,163029002,"""beginner_tired_noncollaborative.POMDPx""","[True, False, False, False, False, True]",1,0,0,0,0,1
8,5,"""OBSERVATION""",,1541932806,796426540,"""beginner_tired_noncollaborative.POMDPx""","[True, False, False, False, True, False]",1,0,0,0,1,0
8,6,"""OBSERVATION""",,1541932814,379714024,"""beginner_tired_noncollaborative.POMDPx""","[True, False, False, False, False, True]",1,0,0,0,0,1
9,1,"""OBSERVATION""",,1541932852,280211671,"""beginner_tired_noncollaborative.POMDPx""","[True, False, False, True, False, False]",1,0,0,1,0,0
9,2,"""OBSERVATION""",,1541932857,546829990,"""beginner_tired_noncollaborative.POMDPx""","[True, False, False, False, False, True]",1,0,0,0,0,1
9,3,"""OBSERVATION""",,1541932861,963099037,"""beginner_tired_noncollaborative.POMDPx""","[True, False, False, False, True, False]",1,0,0,0,1,0
9,4,"""OBSERVATION""",,1541932866,663228698,"""beginner_tired_noncollaborative.POMDPx""","[True, False, False, False, False, True]",1,0,0,0,0,1
9,5,"""OBSERVATION""",,1541932870,846958175,"""beginner_tired_noncollaborative.POMDPx""","[True, False, False, False, True, False]",1,0,0,0,1,0
10,1,"""OBSERVATION""",,1541932902,396371229,"""beginner_tired_noncollaborative.POMDPx""","[True, False, False, True, False, False]",1,0,0,1,0,0
10,2,"""OBSERVATION""",,1541932907,713114490,"""beginner_tired_noncollaborative.POMDPx""","[True, False, False, False, False, True]",1,0,0,0,0,1
10,3,"""OBSERVATION""",,1541932912,180173549,"""beginner_tired_noncollaborative.POMDPx""","[True, False, False, False, False, True]",1,0,0,0,0,1
10,4,"""OBSERVATION""",,1541932919,313824029,"""beginner_tired_noncollaborative.POMDPx""","[True, False, False, False, False, True]",1,0,0,0,0,1
11,1,"""OBSERVATION""",,1541932936,46393547,"""beginner_tired_noncollaborative.POMDPx""","[True, False, False, False, False, True]",1,0,0,0,0,1
11,2,"""OBSERVATION""",,1541932950,746436891,"""beginner_tired_noncollaborative.POMDPx""","[True, False, True, False, False, False]",1,0,1,0,0,0
12,0,"""OBSERVATION""",,1541932966,296379780,"""beginner_tired_noncollaborative.POMDPx""","[True, False, False, False, False, True]",1,0,0,0,0,1
12,1,"""OBSERVATION""",,1541932984,879725434,"""beginner_tired_noncollaborative.POMDPx""","[True, False, False, True, False, False]",1,0,0,1,0,0
12,2,"""OBSERVATION""",,1541932990,379849959,"""beginner_tired_noncollaborative.POMDPx""","[True, False, False, False, False, True]",1,0,0,0,0,1
12,3,"""OBSERVATION""",,1541932995,13101577,"""beginner_tired_noncollaborative.POMDPx""","[True, False, False, False, False, True]",1,0,0,0,0,1
12,4,"""OBSERVATION""",,1541932999,529764546,"""beginner_tired_noncollaborative.POMDPx""","[True, False, False, False, True, False]",1,0,0,0,1,0
12,5,"""OBSERVATION""",,1541933007,29693585,"""beginner_tired_noncollaborative.POMDPx""","[True, False, False, False, False, True]",1,0,0,0,0,1
12,6,"""OBSERVATION""",,1541933019,313028653,"""beginner_tired_noncollaborative.POMDPx""","[True, False, False, False, False, True]",1,0,0,0,0,1
13,1,"""OBSERVATION""",,1541933042,129737726,"""beginner_tired_noncollaborative.POMDPx""","[True, False, True, False, False, False]",1,0,1,0,0,0
14,1,"""OBSERVATION""",,1541933065,579715319,"""beginner_tired_noncollaborative.POMDPx""","[True, False, True, False, False, False]",1,0,1,0,0,0
15,1,"""OBSERVATION""",,1541933093,279745008,"""beginner_tired_noncollaborative.POMDPx""","[True, False, False, True, False, False]",1,0,0,1,0,0
15,2,"""OBSERVATION""",,1541933099,46400979,"""beginner_tired_noncollaborative.POMDPx""","[True, False, False, False, False, True]",1,0,0,0,0,1
15,3,"""OBSERVATION""",,1541933106,663091853,"""beginner_tired_noncollaborative.POMDPx""","[True, True, False, False, False, True]",1,1,0,0,0,1
15,4,"""OBSERVATION""",,1541933112,296386695,"""beginner_tired_noncollaborative.POMDPx""","[True, False, False, False, False, True]",1,0,0,0,0,1
15,5,"""OBSERVATION""",,1541933120,231902798,"""beginner_tired_noncollaborative.POMDPx""","[True, True, False, False, False, True]",1,1,0,0,0,1
15,6,"""OBSERVATION""",,1541933125,313129879,"""beginner_tired_noncollaborative.POMDPx""","[True, False, False, False, False, True]",1,0,0,0,0,1
16,1,"""OBSERVATION""",,1541933148,479764071,"""beginner_tired_noncollaborative.POMDPx""","[True, False, False, False, False, True]",1,0,0,0,0,1
16,2,"""OBSERVATION""",,1541933152,979731896,"""beginner_tired_noncollaborative.POMDPx""","[True, False, False, False, False, True]",1,0,0,0,0,1
16,3,"""OBSERVATION""",,1541933157,496379044,"""beginner_tired_noncollaborative.POMDPx""","[False, True, False, False, False, False]",0,1,0,0,0,0
16,4,"""OBSERVATION""",,1541933161,813056382,"""beginner_tired_noncollaborative.POMDPx""","[False, True, False, False, False, False]",0,1,0,0,0,0
16,5,"""OBSERVATION""",,1541933166,446399778,"""beginner_tired_noncollaborative.POMDPx""","[False, True, False, False, False, False]",0,1,0,0,0,0
16,6,"""OBSERVATION""",,1541933171,179732561,"""beginner_tired_noncollaborative.POMDPx""","[False, True, False, False, False, False]",0,1,0,0,0,0
17,1,"""OBSERVATION""",,1541933202,246396736,"""beginner_tired_noncollaborative.POMDPx""","[True, False, False, True, False, False]",1,0,0,1,0,0
17,2,"""OBSERVATION""",,1541933207,546397474,"""beginner_tired_noncollaborative.POMDPx""","[True, False, False, False, False, True]",1,0,0,0,0,1
17,3,"""OBSERVATION""",,1541933212,413072498,"""beginner_tired_noncollaborative.POMDPx""","[True, False, False, False, False, True]",1,0,0,0,0,1
17,4,"""OBSERVATION""",,1541933222,779744234,"""beginner_tired_noncollaborative.POMDPx""","[True, False, True, False, False, False]",1,0,1,0,0,0
18,1,"""OBSERVATION""",,1541933240,29752099,"""beginner_tired_noncollaborative.POMDPx""","[True, False, False, False, False, True]",1,0,0,0,0,1
18,2,"""OBSERVATION""",,1541933249,29751681,"""beginner_tired_noncollaborative.POMDPx""","[True, False, False, False, False, True]",1,0,0,0,0,1
18,3,"""OBSERVATION""",,1541933267,863079780,"""beginner_tired_noncollaborative.POMDPx""","[True, False, False, True, False, False]",1,0,0,1,0,0
18,4,"""OBSERVATION""",,1541933273,713099646,"""beginner_tired_noncollaborative.POMDPx""","[True, False, False, False, False, True]",1,0,0,0,0,1
18,5,"""OBSERVATION""",,1541933278,696331537,"""beginner_tired_noncollaborative.POMDPx""","[True, False, False, False, False, True]",1,0,0,0,0,1
18,6,"""OBSERVATION""",,1541933291,446484828,"""beginner_tired_noncollaborative.POMDPx""","[True, False, False, False, False, True]",1,0,0,0,0,1
19,1,"""OBSERVATION""",,1541933313,63088569,"""beginner_tired_noncollaborative.POMDPx""","[True, False, False, False, False, True]",1,0,0,0,0,1
19,2,"""OBSERVATION""",,1541933317,929748585,"""beginner_tired_noncollaborative.POMDPx""","[True, False, False, False, False, True]",1,0,0,0,0,1
19,3,"""OBSERVATION""",,1541933322,746368083,"""beginner_tired_noncollaborative.POMDPx""","[True, False, False, False, False, True]",1,0,0,0,0,1
19,4,"""OBSERVATION""",,1541933327,379733173,"""beginner_tired_noncollaborative.POMDPx""","[False, True, False, False, False, False]",0,1,0,0,0,0
19,5,"""OBSERVATION""",,1541933331,763065455,"""beginner_tired_noncollaborative.POMDPx""","[False, True, False, False, False, False]",0,1,0,0,0,0
19,6,"""OBSERVATION""",,1541933336,146392100,"""beginner_tired_noncollaborative.POMDPx""","[False, True, False, False, False, False]",0,1,0,0,0,0
20,1,"""OBSERVATION""",,1541933358,79676454,"""beginner_tired_noncollaborative.POMDPx""","[True, False, False, False, False, True]",1,0,0,0,0,1
20,2,"""OBSERVATION""",,1541933376,463088467,"""beginner_tired_noncollaborative.POMDPx""","[True, False, False, True, False, False]",1,0,0,1,0,0
20,3,"""OBSERVATION""",,1541933382,129728070,"""beginner_tired_noncollaborative.POMDPx""","[True, False, False, False, False, True]",1,0,0,0,0,1
20,4,"""OBSERVATION""",,1541933400,829718899,"""beginner_tired_noncollaborative.POMDPx""","[True, False, False, True, False, False]",1,0,0,1,0,0
21,1,"""OBSERVATION""",,1541933423,879762340,"""beginner_tired_noncollaborative.POMDPx""","[True, False, False, False, False, True]",1,0,0,0,0,1
21,2,"""OBSERVATION""",,1541933428,896382508,"""beginner_tired_noncollaborative.POMDPx""","[True, False, False, False, False, True]",1,0,0,0,0,1
21,3,"""OBSERVATION""",,1541933433,979756352,"""beginner_tired_noncollaborative.POMDPx""","[True, False, False, False, False, True]",1,0,0,0,0,1
21,4,"""OBSERVATION""",,1541933439,79952339,"""beginner_tired_noncollaborative.POMDPx""","[True, False, False, False, True, False]",1,0,0,0,1,0
21,5,"""OBSERVATION""",,1541933444,346416188,"""beginner_tired_noncollaborative.POMDPx""","[True, False, False, False, False, True]",1,0,0,0,0,1
21,6,"""OBSERVATION""",,1541933448,613080336,"""beginner_tired_noncollaborative.POMDPx""","[True, False, False, False, True, False]",1,0,0,0,1,0
22,1,"""OBSERVATION""",,1541933469,996659772,"""beginner_tired_noncollaborative.POMDPx""","[True, False, False, False, False, True]",1,0,0,0,0,1
22,2,"""OBSERVATION""",,1541933484,879728823,"""beginner_tired_noncollaborative.POMDPx""","[True, False, False, True, False, False]",1,0,0,1,0,0
22,3,"""OBSERVATION""",,1541933490,996357152,"""beginner_tired_noncollaborative.POMDPx""","[True, False, False, False, False, True]",1,0,0,0,0,1
22,4,"""OBSERVATION""",,1541933495,429710026,"""beginner_tired_noncollaborative.POMDPx""","[True, False, False, False, True, False]",1,0,0,0,1,0
22,5,"""OBSERVATION""",,1541933500,329753232,"""beginner_tired_noncollaborative.POMDPx""","[True, False, False, False, False, True]",1,0,0,0,0,1
22,6,"""OBSERVATION""",,1541933504,396409495,"""beginner_tired_noncollaborative.POMDPx""","[True, False, False, False, True, False]",1,0,0,0,1,0
23,0,"""OBSERVATION""",,1541933534,63060537,"""beginner_tired_noncollaborative.POMDPx""","[True, False, False, False, False, True]",1,0,0,0,0,1
23,1,"""OBSERVATION""",,1541933548,929730385,"""beginner_tired_noncollaborative.POMDPx""","[True, False, True, False, False, False]",1,0,1,0,0,0
24,1,"""OBSERVATION""",,1541933576,79756254,"""beginner_tired_noncollaborative.POMDPx""","[True, False, False, True, False, False]",1,0,0,1,0,0
24,2,"""OBSERVATION""",,1541933582,129763538,"""beginner_tired_noncollaborative.POMDPx""","[True, False, False, False, False, True]",1,0,0,0,0,1
24,3,"""OBSERVATION""",,1541933586,429735762,"""beginner_tired_noncollaborative.POMDPx""","[True, False, False, False, True, False]",1,0,0,0,1,0
24,4,"""OBSERVATION""",,1541933594,130237893,"""beginner_tired_noncollaborative.POMDPx""","[True, False, False, False, False, True]",1,0,0,0,0,1
25,0,"""OBSERVATION""",,1541933609,213049832,"""beginner_tired_noncollaborative.POMDPx""","[True, False, False, False, False, True]",1,0,0,0,0,1
25,1,"""OBSERVATION""",,1541933623,646851693,"""beginner_tired_noncollaborative.POMDPx""","[True, False, False, True, False, False]",1,0,0,1,0,0
25,2,"""OBSERVATION""",,1541933629,29705812,"""beginner_tired_noncollaborative.POMDPx""","[True, False, False, False, False, True]",1,0,0,0,0,1
25,3,"""OBSERVATION""",,1541933634,346377731,"""beginner_tired_noncollaborative.POMDPx""","[True, False, False, False, False, True]",1,0,0,0,0,1
25,4,"""OBSERVATION""",,1541933638,929751049,"""beginner_tired_noncollaborative.POMDPx""","[True, False, False, False, True, False]",1,0,0,0,1,0
25,5,"""OBSERVATION""",,1541933646,496579269,"""beginner_tired_noncollaborative.POMDPx""","[True, False, False, False, False, True]",1,0,0,0,0,1
26,1,"""OBSERVATION""",,1541933669,863184546,"""beginner_tired_noncollaborative.POMDPx""","[True, False, True, False, False, False]",1,0,1,0,0,0
27,1,"""OBSERVATION""",,1541933686,713067093,"""beginner_tired_noncollaborative.POMDPx""","[True, False, False, False, False, True]",1,0,0,0,0,1
27,2,"""OBSERVATION""",,1541933705,729714242,"""beginner_tired_noncollaborative.POMDPx""","[True, False, False, True, False, False]",1,0,0,1,0,0
27,3,"""OBSERVATION""",,1541933711,346340601,"""beginner_tired_noncollaborative.POMDPx""","[True, False, False, False, False, True]",1,0,0,0,0,1
27,4,"""OBSERVATION""",,1541933715,813617385,"""beginner_tired_noncollaborative.POMDPx""","[True, False, False, False, False, True]",1,0,0,0,0,1
27,5,"""OBSERVATION""",,1541933720,29829033,"""beginner_tired_noncollaborative.POMDPx""","[True, False, False, False, False, True]",1,0,0,0,0,1
27,6,"""OBSERVATION""",,1541933724,696402584,"""beginner_tired_noncollaborative.POMDPx""","[True, False, False, False, True, False]",1,0,0,0,1,0
28,1,"""OBSERVATION""",,1541933756,646454685,"""beginner_tired_noncollaborative.POMDPx""","[True, False, True, False, False, False]",1,0,1,0,0,0
29,1,"""OBSERVATION""",,1541933780,113128643,"""beginner_tired_noncollaborative.POMDPx""","[True, False, True, False, False, False]",1,0,1,0,0,0
30,1,"""OBSERVATION""",,1541933806,930259197,"""beginner_tired_noncollaborative.POMDPx""","[True, False, False, True, False, False]",1,0,0,1,0,0
30,2,"""OBSERVATION""",,1541933816,279726497,"""beginner_tired_noncollaborative.POMDPx""","[True, False, False, False, False, True]",1,0,0,0,0,1
30,3,"""OBSERVATION""",,1541933824,429740460,"""beginner_tired_noncollaborative.POMDPx""","[True, False, False, False, True, False]",1,0,0,0,1,0
30,4,"""OBSERVATION""",,1541933829,296927640,"""beginner_tired_noncollaborative.POMDPx""","[True, False, False, False, False, True]",1,0,0,0,0,1
30,5,"""OBSERVATION""",,1541933833,346352869,"""beginner_tired_noncollaborative.POMDPx""","[True, False, False, False, True, False]",1,0,0,0,1,0
31,1,"""OBSERVATION""",,1541933867,479849441,"""expert_nontired_noncollaborative.POMDPx""","[True, False, True, False, False, False]",1,0,1,0,0,0
32,1,"""OBSERVATION""",,1541933888,896535303,"""expert_nontired_noncollaborative.POMDPx""","[True, False, False, False, False, True]",1,0,0,0,0,1
32,2,"""OBSERVATION""",,1541933893,913511892,"""expert_nontired_noncollaborative.POMDPx""","[True, False, False, False, False, True]",1,0,0,0,0,1
32,3,"""OBSERVATION""",,1541933898,163096785,"""expert_nontired_noncollaborative.POMDPx""","[True, False, False, False, False, True]",1,0,0,0,0,1
32,4,"""OBSERVATION""",,1541933902,596417191,"""expert_nontired_noncollaborative.POMDPx""","[True, False, False, False, True, False]",1,0,0,0,1,0
32,5,"""OBSERVATION""",,1541933907,279713257,"""expert_nontired_noncollaborative.POMDPx""","[True, False, False, False, False, True]",1,0,0,0,0,1
32,6,"""OBSERVATION""",,1541933911,614209278,"""expert_nontired_noncollaborative.POMDPx""","[True, False, False, False, False, True]",1,0,0,0,0,1
33,1,"""OBSERVATION""",,1541933933,479758880,"""expert_nontired_noncollaborative.POMDPx""","[True, False, False, False, False, True]",1,0,0,0,0,1
33,2,"""OBSERVATION""",,1541933948,279773438,"""expert_nontired_noncollaborative.POMDPx""","[True, False, True, False, False, False]",1,0,1,0,0,0
34,1,"""OBSERVATION""",,1541933971,413099969,"""expert_nontired_noncollaborative.POMDPx""","[True, False, True, False, False, False]",1,0,1,0,0,0
35,1,"""OBSERVATION""",,1541933988,330460014,"""expert_nontired_noncollaborative.POMDPx""","[True, False, False, False, False, True]",1,0,0,0,0,1
35,2,"""OBSERVATION""",,1541933993,763041439,"""expert_nontired_noncollaborative.POMDPx""","[True, False, False, False, False, True]",1,0,0,0,0,1
35,3,"""OBSERVATION""",,1541933998,146415501,"""expert_nontired_noncollaborative.POMDPx""","[True, False, False, False, True, False]",1,0,0,0,1,0
35,4,"""OBSERVATION""",,1541934003,596365425,"""expert_nontired_noncollaborative.POMDPx""","[True, False, False, False, False, True]",1,0,0,0,0,1
35,5,"""OBSERVATION""",,1541934007,763114140,"""expert_nontired_noncollaborative.POMDPx""","[True, False, False, False, True, False]",1,0,0,0,1,0
36,1,"""OBSERVATION""",,1541934029,529684755,"""expert_nontired_noncollaborative.POMDPx""","[True, False, False, False, False, True]",1,0,0,0,0,1
36,2,"""OBSERVATION""",,1541934040,429708570,"""expert_nontired_noncollaborative.POMDPx""","[True, False, True, False, False, False]",1,0,1,0,0,0
37,1,"""OBSERVATION""",,1541934063,813156856,"""expert_nontired_noncollaborative.POMDPx""","[True, False, True, False, False, False]",1,0,1,0,0,0
38,1,"""OBSERVATION""",,1541934086,379741437,"""expert_nontired_noncollaborative.POMDPx""","[True, False, True, False, False, False]",1,0,1,0,0,0
39,1,"""OBSERVATION""",,1541934110,113043331,"""expert_nontired_noncollaborative.POMDPx""","[True, False, True, False, False, False]",1,0,1,0,0,0
40,1,"""OBSERVATION""",,1541934127,463060243,"""expert_nontired_noncollaborative.POMDPx""","[True, False, False, False, False, True]",1,0,0,0,0,1
40,2,"""OBSERVATION""",,1541934138,96384138,"""expert_nontired_noncollaborative.POMDPx""","[True, False, True, False, False, False]",1,0,1,0,0,0
41,1,"""OBSERVATION""",,1541934160,246348353,"""expert_nontired_noncollaborative.POMDPx""","[True, False, True, False, False, False]",1,0,1,0,0,0
42,1,"""OBSERVATION""",,1541934178,446365677,"""expert_nontired_noncollaborative.POMDPx""","[True, False, False, False, False, True]",1,0,0,0,0,1
42,2,"""OBSERVATION""",,1541934187,63065626,"""expert_nontired_noncollaborative.POMDPx""","[True, False, False, False, False, True]",1,0,0,0,0,1
42,3,"""OBSERVATION""",,1541934195,146888238,"""expert_nontired_noncollaborative.POMDPx""","[True, False, False, False, True, False]",1,0,0,0,1,0
42,4,"""OBSERVATION""",,1541934199,996433048,"""expert_nontired_noncollaborative.POMDPx""","[True, False, False, False, False, True]",1,0,0,0,0,1
42,5,"""OBSERVATION""",,1541934207,263147618,"""expert_nontired_noncollaborative.POMDPx""","[True, False, False, False, False, True]",1,0,0,0,0,1
43,1,"""OBSERVATION""",,1541934223,279769917,"""expert_nontired_noncollaborative.POMDPx""","[True, False, False, False, False, True]",1,0,0,0,0,1
43,2,"""OBSERVATION""",,1541934234,263078780,"""expert_nontired_noncollaborative.POMDPx""","[True, False, True, False, False, False]",1,0,1,0,0,0
44,1,"""OBSERVATION""",,1541934251,663062773,"""expert_nontired_noncollaborative.POMDPx""","[True, False, False, False, False, True]",1,0,0,0,0,1
44,2,"""OBSERVATION""",,1541934256,413055511,"""expert_nontired_noncollaborative.POMDPx""","[True, False, False, False, False, True]",1,0,0,0,0,1
44,3,"""OBSERVATION""",,1541934260,979717269,"""expert_nontired_noncollaborative.POMDPx""","[True, False, False, False, False, True]",1,0,0,0,0,1
44,4,"""OBSERVATION""",,1541934265,913075764,"""expert_nontired_noncollaborative.POMDPx""","[True, False, False, False, False, True]",1,0,0,0,0,1
44,5,"""OBSERVATION""",,1541934279,946352100,"""expert_nontired_noncollaborative.POMDPx""","[True, False, False, True, False, False]",1,0,0,1,0,0
45,1,"""OBSERVATION""",,1541934303,779709029,"""expert_nontired_noncollaborative.POMDPx""","[True, False, True, False, False, False]",1,0,1,0,0,0
46,1,"""OBSERVATION""",,1541934320,563087555,"""expert_nontired_noncollaborative.POMDPx""","[True, False, False, False, False, True]",1,0,0,0,0,1
46,2,"""OBSERVATION""",,1541934325,829739414,"""expert_nontired_noncollaborative.POMDPx""","[True, False, False, False, False, True]",1,0,0,0,0,1
46,3,"""OBSERVATION""",,1541934335,913090313,"""expert_nontired_noncollaborative.POMDPx""","[True, False, True, False, False, False]",1,0,1,0,0,0
47,1,"""OBSERVATION""",,1541934360,46386258,"""expert_nontired_noncollaborative.POMDPx""","[True, False, True, False, False, False]",1,0,1,0,0,0
48,1,"""OBSERVATION""",,1541934383,146486138,"""expert_nontired_noncollaborative.POMDPx""","[True, False, True, False, False, False]",1,0,1,0,0,0
49,1,"""OBSERVATION""",,1541934400,729698568,"""expert_nontired_noncollaborative.POMDPx""","[True, False, False, False, False, True]",1,0,0,0,0,1
49,2,"""OBSERVATION""",,1541934405,329687529,"""expert_nontired_noncollaborative.POMDPx""","[True, False, False, False, False, True]",1,0,0,0,0,1
49,3,"""OBSERVATION""",,1541934410,229711361,"""expert_nontired_noncollaborative.POMDPx""","[True, False, False, False, False, True]",1,0,0,0,0,1
49,4,"""OBSERVATION""",,1541934420,963106800,"""expert_nontired_noncollaborative.POMDPx""","[True, False, True, False, False, False]",1,0,1,0,0,0
50,1,"""OBSERVATION""",,1541934439,313057655,"""expert_nontired_noncollaborative.POMDPx""","[True, False, False, False, False, True]",1,0,0,0,0,1
50,2,"""OBSERVATION""",,1541934450,13198446,"""expert_nontired_noncollaborative.POMDPx""","[True, False, True, False, False, False]",1,0,1,0,0,0
51,1,"""OBSERVATION""",,1541934467,546371559,"""expert_nontired_noncollaborative.POMDPx""","[True, False, False, False, False, True]",1,0,0,0,0,1
51,2,"""OBSERVATION""",,1541934477,929694909,"""expert_nontired_noncollaborative.POMDPx""","[True, False, True, False, False, False]",1,0,1,0,0,0
52,1,"""OBSERVATION""",,1541934495,446352340,"""expert_nontired_noncollaborative.POMDPx""","[True, False, False, False, False, True]",1,0,0,0,0,1
52,2,"""OBSERVATION""",,1541934506,396380910,"""expert_nontired_noncollaborative.POMDPx""","[True, False, True, False, False, False]",1,0,1,0,0,0
53,1,"""OBSERVATION""",,1541934530,796395605,"""expert_nontired_noncollaborative.POMDPx""","[True, False, True, False, False, False]",1,0,1,0,0,0
54,1,"""OBSERVATION""",,1541934548,596373350,"""expert_nontired_noncollaborative.POMDPx""","[True, False, False, False, False, True]",1,0,0,0,0,1
54,2,"""OBSERVATION""",,1541934559,279660939,"""expert_nontired_noncollaborative.POMDPx""","[True, False, True, False, False, False]",1,0,1,0,0,0
55,1,"""OBSERVATION""",,1541934582,229740046,"""expert_nontired_noncollaborative.POMDPx""","[True, False, True, False, False, False]",1,0,1,0,0,0
56,1,"""OBSERVATION""",,1541934606,363039684,"""expert_nontired_noncollaborative.POMDPx""","[True, False, True, False, False, False]",1,0,1,0,0,0
57,1,"""OBSERVATION""",,1541934623,546375844,"""expert_nontired_noncollaborative.POMDPx""","[True, False, False, False, False, True]",1,0,0,0,0,1
57,2,"""OBSERVATION""",,1541934634,579718883,"""expert_nontired_noncollaborative.POMDPx""","[True, False, True, False, False, False]",1,0,1,0,0,0
58,1,"""OBSERVATION""",,1541934658,29736914,"""expert_nontired_noncollaborative.POMDPx""","[True, False, True, False, False, False]",1,0,1,0,0,0
59,1,"""OBSERVATION""",,1541934675,313047231,"""expert_nontired_noncollaborative.POMDPx""","[True, False, False, False, False, True]",1,0,0,0,0,1
59,2,"""OBSERVATION""",,1541934686,229735539,"""expert_nontired_noncollaborative.POMDPx""","[True, False, True, False, False, False]",1,0,1,0,0,0
60,1,"""OBSERVATION""",,1541934709,629709588,"""expert_nontired_noncollaborative.POMDPx""","[True, False, True, False, False, False]",1,0,1,0,0,0
61,1,"""OBSERVATION""",,1541934734,329729317,"""beginner_nontired_noncollaborative.POMDPx""","[True, False, True, False, False, False]",1,0,1,0,0,0
62,1,"""OBSERVATION""",,1541934757,996389438,"""beginner_nontired_noncollaborative.POMDPx""","[True, False, True, False, False, False]",1,0,1,0,0,0
63,1,"""OBSERVATION""",,1541934780,680218034,"""beginner_nontired_noncollaborative.POMDPx""","[True, False, True, False, False, False]",1,0,1,0,0,0
64,1,"""OBSERVATION""",,1541934807,546399807,"""beginner_nontired_noncollaborative.POMDPx""","[True, False, False, True, False, False]",1,0,0,1,0,0
64,2,"""OBSERVATION""",,1541934813,396432295,"""beginner_nontired_noncollaborative.POMDPx""","[True, False, False, False, False, True]",1,0,0,0,0,1
64,3,"""OBSERVATION""",,1541934827,829713569,"""beginner_nontired_noncollaborative.POMDPx""","[True, False, False, True, False, False]",1,0,0,1,0,0
64,4,"""OBSERVATION""",,1541934834,96419167,"""beginner_nontired_noncollaborative.POMDPx""","[True, False, False, False, False, True]",1,0,0,0,0,1
64,5,"""OBSERVATION""",,1541934838,663616778,"""beginner_nontired_noncollaborative.POMDPx""","[True, False, False, False, True, False]",1,0,0,0,1,0
65,1,"""OBSERVATION""",,1541934863,379770076,"""beginner_nontired_noncollaborative.POMDPx""","[True, False, False, False, False, True]",1,0,0,0,0,1
65,2,"""OBSERVATION""",,1541934868,363067074,"""beginner_nontired_noncollaborative.POMDPx""","[True, False, False, False, False, True]",1,0,0,0,0,1
65,3,"""OBSERVATION""",,1541934882,596383710,"""beginner_nontired_noncollaborative.POMDPx""","[True, False, False, True, False, False]",1,0,0,1,0,0
65,4,"""OBSERVATION""",,1541934886,663130051,"""beginner_nontired_noncollaborative.POMDPx""","[True, False, False, True, True, False]",1,0,0,1,1,0
65,5,"""OBSERVATION""",,1541934892,396368423,"""beginner_nontired_noncollaborative.POMDPx""","[True, False, False, False, False, True]",1,0,0,0,0,1
65,6,"""OBSERVATION""",,1541934907,163054393,"""beginner_nontired_noncollaborative.POMDPx""","[True, False, False, True, False, False]",1,0,0,1,0,0
66,1,"""OBSERVATION""",,1541934935,663036279,"""beginner_nontired_noncollaborative.POMDPx""","[True, False, True, False, False, False]",1,0,1,0,0,0
67,1,"""OBSERVATION""",,1541934960,96405736,"""beginner_nontired_noncollaborative.POMDPx""","[True, False, True, False, False, False]",1,0,1,0,0,0
68,1,"""OBSERVATION""",,1541934982,979728298,"""beginner_nontired_noncollaborative.POMDPx""","[True, False, True, False, False, False]",1,0,1,0,0,0
69,1,"""OBSERVATION""",,1541935000,896387310,"""beginner_nontired_noncollaborative.POMDPx""","[True, False, False, False, False, True]",1,0,0,0,0,1
69,2,"""OBSERVATION""",,1541935005,946375056,"""beginner_nontired_noncollaborative.POMDPx""","[True, False, False, False, False, True]",1,0,0,0,0,1
69,3,"""OBSERVATION""",,1541935010,646412687,"""beginner_nontired_noncollaborative.POMDPx""","[True, False, False, False, False, True]",1,0,0,0,0,1
69,4,"""OBSERVATION""",,1541935024,929702253,"""beginner_nontired_noncollaborative.POMDPx""","[True, False, False, True, False, False]",1,0,0,1,0,0
69,5,"""OBSERVATION""",,1541935030,413034451,"""beginner_nontired_noncollaborative.POMDPx""","[True, False, False, False, False, True]",1,0,0,0,0,1
69,6,"""OBSERVATION""",,1541935045,213064446,"""beginner_nontired_noncollaborative.POMDPx""","[True, False, False, True, False, False]",1,0,0,1,0,0
70,1,"""OBSERVATION""",,1541935073,663019910,"""beginner_nontired_noncollaborative.POMDPx""","[True, False, True, False, False, False]",1,0,1,0,0,0
71,1,"""OBSERVATION""",,1541935097,263195067,"""beginner_nontired_noncollaborative.POMDPx""","[True, False, True, False, False, False]",1,0,1,0,0,0
72,1,"""OBSERVATION""",,1541935114,229804166,"""beginner_nontired_noncollaborative.POMDPx""","[True, False, False, False, False, True]",1,0,0,0,0,1
72,2,"""OBSERVATION""",,1541935125,346415090,"""beginner_nontired_noncollaborative.POMDPx""","[True, False, True, False, False, False]",1,0,1,0,0,0
73,1,"""OBSERVATION""",,1541935152,796379251,"""beginner_nontired_noncollaborative.POMDPx""","[True, False, False, True, False, False]",1,0,0,1,0,0
73,2,"""OBSERVATION""",,1541935158,496383624,"""beginner_nontired_noncollaborative.POMDPx""","[True, False, False, False, False, True]",1,0,0,0,0,1
73,3,"""OBSERVATION""",,1541935169,429678249,"""beginner_nontired_noncollaborative.POMDPx""","[True, False, True, False, False, False]",1,0,1,0,0,0
74,1,"""OBSERVATION""",,1541935197,113064584,"""beginner_nontired_noncollaborative.POMDPx""","[True, False, False, True, False, False]",1,0,0,1,0,0
74,2,"""OBSERVATION""",,1541935202,629818782,"""beginner_nontired_noncollaborative.POMDPx""","[True, False, False, False, False, True]",1,0,0,0,0,1
74,3,"""OBSERVATION""",,1541935207,846441008,"""beginner_nontired_noncollaborative.POMDPx""","[True, False, False, False, False, True]",1,0,0,0,0,1
74,4,"""OBSERVATION""",,1541935222,596401200,"""beginner_nontired_noncollaborative.POMDPx""","[True, False, False, True, False, False]",1,0,0,1,0,0
74,5,"""OBSERVATION""",,1541935227,596979477,"""beginner_nontired_noncollaborative.POMDPx""","[True, False, False, False, False, True]",1,0,0,0,0,1
75,1,"""OBSERVATION""",,1541935261,979702927,"""beginner_nontired_noncollaborative.POMDPx""","[True, False, False, True, False, False]",1,0,0,1,0,0
75,2,"""OBSERVATION""",,1541935267,763062143,"""beginner_nontired_noncollaborative.POMDPx""","[True, False, False, False, False, True]",1,0,0,0,0,1
75,3,"""OBSERVATION""",,1541935272,879745359,"""beginner_nontired_noncollaborative.POMDPx""","[True, False, False, False, False, True]",1,0,0,0,0,1
75,4,"""OBSERVATION""",,1541935280,446880839,"""beginner_nontired_noncollaborative.POMDPx""","[True, True, False, False, False, True]",1,1,0,0,0,1
75,5,"""OBSERVATION""",,1541935285,129871003,"""beginner_nontired_noncollaborative.POMDPx""","[True, True, False, False, False, True]",1,1,0,0,0,1
75,6,"""OBSERVATION""",,1541935290,279790102,"""beginner_nontired_noncollaborative.POMDPx""","[True, False, False, False, False, True]",1,0,0,0,0,1
75,7,"""OBSERVATION""",,1541935306,396382348,"""beginner_nontired_noncollaborative.POMDPx""","[True, False, False, False, False, True]",1,0,0,0,0,1
76,1,"""OBSERVATION""",,1541935332,763052820,"""beginner_nontired_noncollaborative.POMDPx""","[True, False, False, True, False, False]",1,0,0,1,0,0
76,2,"""OBSERVATION""",,1541935338,46411646,"""beginner_nontired_noncollaborative.POMDPx""","[True, False, False, False, False, True]",1,0,0,0,0,1
76,3,"""OBSERVATION""",,1541935352,679750289,"""beginner_nontired_noncollaborative.POMDPx""","[True, False, False, True, False, False]",1,0,0,1,0,0
76,4,"""OBSERVATION""",,1541935357,796379108,"""beginner_nontired_noncollaborative.POMDPx""","[True, False, False, False, False, True]",1,0,0,0,0,1
76,5,"""OBSERVATION""",,1541935372,579711340,"""beginner_nontired_noncollaborative.POMDPx""","[True, False, False, True, False, False]",1,0,0,1,0,0
76,6,"""OBSERVATION""",,1541935378,613486159,"""beginner_nontired_noncollaborative.POMDPx""","[True, False, False, False, False, True]",1,0,0,0,0,1
76,7,"""OBSERVATION""",,1541935383,496370942,"""beginner_nontired_noncollaborative.POMDPx""","[True, False, False, False, False, True]",1,0,0,0,0,1
76,8,"""OBSERVATION""",,1541935388,313199095,"""beginner_nontired_noncollaborative.POMDPx""","[True, False, False, False, True, False]",1,0,0,0,1,0
76,9,"""OBSERVATION""",,1541935393,629717391,"""beginner_nontired_noncollaborative.POMDPx""","[True, False, False, False, False, True]",1,0,0,0,0,1
76,10,"""OBSERVATION""",,1541935401,129723232,"""beginner_nontired_noncollaborative.POMDPx""","[True, False, False, False, False, True]",1,0,0,0,0,1
77,0,"""OBSERVATION""",,1541935428,729737155,"""beginner_nontired_noncollaborative.POMDPx""","[True, False, False, False, False, True]",1,0,0,0,0,1
77,1,"""OBSERVATION""",,1541935443,963064733,"""beginner_nontired_noncollaborative.POMDPx""","[True, False, True, False, False, False]",1,0,1,0,0,0
78,1,"""OBSERVATION""",,1541935471,13062098,"""beginner_nontired_noncollaborative.POMDPx""","[True, False, False, True, False, False]",1,0,0,1,0,0
78,2,"""OBSERVATION""",,1541935476,713060275,"""beginner_nontired_noncollaborative.POMDPx""","[True, False, False, False, False, True]",1,0,0,0,0,1
78,3,"""OBSERVATION""",,1541935491,513098690,"""beginner_nontired_noncollaborative.POMDPx""","[True, False, False, True, False, False]",1,0,0,1,0,0
78,4,"""OBSERVATION""",,1541935496,946462188,"""beginner_nontired_noncollaborative.POMDPx""","[True, False, False, False, False, True]",1,0,0,0,0,1
78,5,"""OBSERVATION""",,1541935501,346402934,"""beginner_nontired_noncollaborative.POMDPx""","[True, False, False, False, True, False]",1,0,0,0,1,0
79,1,"""OBSERVATION""",,1541935540,313131255,"""beginner_nontired_noncollaborative.POMDPx""","[True, False, False, True, False, False]",1,0,0,1,0,0
79,2,"""OBSERVATION""",,1541935545,729739813,"""beginner_nontired_noncollaborative.POMDPx""","[True, False, False, False, False, True]",1,0,0,0,0,1
79,3,"""OBSERVATION""",,1541935560,296479249,"""beginner_nontired_noncollaborative.POMDPx""","[True, False, False, True, False, False]",1,0,0,1,0,0
79,4,"""OBSERVATION""",,1541935565,946419742,"""beginner_nontired_noncollaborative.POMDPx""","[True, False, False, False, False, True]",1,0,0,0,0,1
79,5,"""OBSERVATION""",,1541935570,163105126,"""beginner_nontired_noncollaborative.POMDPx""","[True, False, False, False, False, True]",1,0,0,0,0,1
79,6,"""OBSERVATION""",,1541935582,496412478,"""beginner_nontired_noncollaborative.POMDPx""","[True, False, False, False, True, False]",1,0,0,0,1,0
80,1,"""OBSERVATION""",,1541935614,63056680,"""beginner_nontired_noncollaborative.POMDPx""","[True, False, False, True, False, False]",1,0,0,1,0,0
80,2,"""OBSERVATION""",,1541935619,421525029,"""beginner_nontired_noncollaborative.POMDPx""","[True, False, False, False, False, True]",1,0,0,0,0,1
80,3,"""OBSERVATION""",,1541935630,663063953,"""beginner_nontired_noncollaborative.POMDPx""","[True, False, True, False, False, False]",1,0,1,0,0,0
81,1,"""OBSERVATION""",,1541935657,629806104,"""beginner_nontired_noncollaborative.POMDPx""","[True, False, False, True, False, False]",1,0,0,1,0,0
81,2,"""OBSERVATION""",,1541935666,313151089,"""beginner_nontired_noncollaborative.POMDPx""","[True, True, False, False, False, True]",1,1,0,0,0,1
81,3,"""OBSERVATION""",,1541935680,879698086,"""beginner_nontired_noncollaborative.POMDPx""","[True, False, False, True, False, False]",1,0,0,1,0,0
81,4,"""OBSERVATION""",,1541935685,363060405,"""beginner_nontired_noncollaborative.POMDPx""","[True, False, False, True, True, False]",1,0,0,1,1,0
81,5,"""OBSERVATION""",,1541935700,380293035,"""beginner_nontired_noncollaborative.POMDPx""","[True, False, False, False, False, True]",1,0,0,0,0,1
82,1,"""OBSERVATION""",,1541935731,63000430,"""beginner_nontired_noncollaborative.POMDPx""","[True, False, False, True, False, False]",1,0,0,1,0,0
82,2,"""OBSERVATION""",,1541935736,229700389,"""beginner_nontired_noncollaborative.POMDPx""","[True, False, False, False, False, True]",1,0,0,0,0,1
82,3,"""OBSERVATION""",,1541935747,446395552,"""beginner_nontired_noncollaborative.POMDPx""","[True, False, True, False, False, False]",1,0,1,0,0,0
83,1,"""OBSERVATION""",,1541935774,796398381,"""beginner_nontired_noncollaborative.POMDPx""","[True, False, False, True, False, False]",1,0,0,1,0,0
83,2,"""OBSERVATION""",,1541935780,481538163,"""beginner_nontired_noncollaborative.POMDPx""","[True, False, False, False, False, True]",1,0,0,0,0,1
83,3,"""OBSERVATION""",,1541935794,763063981,"""beginner_nontired_noncollaborative.POMDPx""","[True, False, False, True, False, False]",1,0,0,1,0,0
83,4,"""OBSERVATION""",,1541935798,679766314,"""beginner_nontired_noncollaborative.POMDPx""","[True, False, False, True, True, False]",1,0,0,1,1,0
83,5,"""OBSERVATION""",,1541935803,963002643,"""beginner_nontired_noncollaborative.POMDPx""","[True, False, False, False, False, True]",1,0,0,0,0,1
83,6,"""OBSERVATION""",,1541935819,413090622,"""beginner_nontired_noncollaborative.POMDPx""","[True, False, False, False, False, True]",1,0,0,0,0,1
84,1,"""OBSERVATION""",,1541935845,779718744,"""beginner_nontired_noncollaborative.POMDPx""","[True, False, False, True, False, False]",1,0,0,1,0,0
84,2,"""OBSERVATION""",,1541935851,363044486,"""beginner_nontired_noncollaborative.POMDPx""","[True, False, False, False, False, True]",1,0,0,0,0,1
84,3,"""OBSERVATION""",,1541935855,213087674,"""beginner_nontired_noncollaborative.POMDPx""","[True, False, False, False, True, False]",1,0,0,0,1,0
84,4,"""OBSERVATION""",,1541935869,730195141,"""beginner_nontired_noncollaborative.POMDPx""","[True, False, False, True, False, False]",1,0,0,1,0,0
84,5,"""OBSERVATION""",,1541935878,613064118,"""beginner_nontired_noncollaborative.POMDPx""","[True, False, False, False, False, True]",1,0,0,0,0,1
84,6,"""OBSERVATION""",,1541935888,763279431,"""beginner_nontired_noncollaborative.POMDPx""","[True, False, False, False, True, False]",1,0,0,0,1,0
85,1,"""OBSERVATION""",,1541935915,246423443,"""beginner_nontired_noncollaborative.POMDPx""","[True, False, False, True, False, False]",1,0,0,1,0,0
85,2,"""OBSERVATION""",,1541935921,163046384,"""beginner_nontired_noncollaborative.POMDPx""","[True, False, False, False, False, True]",1,0,0,0,0,1
85,3,"""OBSERVATION""",,1541935936,29725208,"""beginner_nontired_noncollaborative.POMDPx""","[True, False, False, True, False, False]",1,0,0,1,0,0
85,4,"""OBSERVATION""",,1541935941,646387751,"""beginner_nontired_noncollaborative.POMDPx""","[True, False, False, False, False, True]",1,0,0,0,0,1
85,5,"""OBSERVATION""",,1541935956,946485117,"""beginner_nontired_noncollaborative.POMDPx""","[True, False, False, False, True, False]",1,0,0,0,1,0
86,1,"""OBSERVATION""",,1541935983,696364781,"""beginner_nontired_noncollaborative.POMDPx""","[True, False, False, True, False, False]",1,0,0,1,0,0
86,2,"""OBSERVATION""",,1541935988,679730420,"""beginner_nontired_noncollaborative.POMDPx""","[True, False, False, False, False, True]",1,0,0,0,0,1
86,3,"""OBSERVATION""",,1541935992,696471010,"""beginner_nontired_noncollaborative.POMDPx""","[True, False, False, False, True, False]",1,0,0,0,1,0
86,4,"""OBSERVATION""",,1541935997,346474279,"""beginner_nontired_noncollaborative.POMDPx""","[True, False, False, False, False, True]",1,0,0,0,0,1
86,5,"""OBSERVATION""",,1541936001,863048249,"""beginner_nontired_noncollaborative.POMDPx""","[True, False, False, False, True, False]",1,0,0,0,1,0
87,1,"""OBSERVATION""",,1541936032,546437293,"""beginner_nontired_noncollaborative.POMDPx""","[True, False, False, True, False, False]",1,0,0,1,0,0
87,2,"""OBSERVATION""",,1541936038,29702842,"""beginner_nontired_noncollaborative.POMDPx""","[True, False, False, False, False, True]",1,0,0,0,0,1
87,3,"""OBSERVATION""",,1541936052,296409672,"""beginner_nontired_noncollaborative.POMDPx""","[True, False, False, True, False, False]",1,0,0,1,0,0
87,4,"""OBSERVATION""",,1541936058,363090026,"""beginner_nontired_noncollaborative.POMDPx""","[True, False, False, False, False, True]",1,0,0,0,0,1
87,5,"""OBSERVATION""",,1541936062,746579886,"""beginner_nontired_noncollaborative.POMDPx""","[True, False, False, False, False, True]",1,0,0,0,0,1
88,1,"""OBSERVATION""",,1541936097,413591314,"""beginner_nontired_noncollaborative.POMDPx""","[True, False, False, True, False, False]",1,0,0,1,0,0
88,2,"""OBSERVATION""",,1541936107,479725972,"""beginner_nontired_noncollaborative.POMDPx""","[True, False, False, False, False, True]",1,0,0,0,0,1
88,3,"""OBSERVATION""",,1541936125,763075759,"""beginner_nontired_noncollaborative.POMDPx""","[True, False, False, True, False, False]",1,0,0,1,0,0
88,4,"""OBSERVATION""",,1541936139,513036160,"""beginner_nontired_noncollaborative.POMDPx""","[True, False, False, True, False, False]",1,0,0,1,0,0
89,1,"""OBSERVATION""",,1541936166,829738106,"""beginner_nontired_noncollaborative.POMDPx""","[True, False, False, True, False, False]",1,0,0,1,0,0
89,2,"""OBSERVATION""",,1541936172,663506551,"""beginner_nontired_noncollaborative.POMDPx""","[True, False, False, False, False, True]",1,0,0,0,0,1
89,3,"""OBSERVATION""",,1541936186,463039513,"""beginner_nontired_noncollaborative.POMDPx""","[True, False, False, True, False, False]",1,0,0,1,0,0
89,4,"""OBSERVATION""",,1541936192,246372634,"""beginner_nontired_noncollaborative.POMDPx""","[True, False, False, False, False, True]",1,0,0,0,0,1
89,5,"""OBSERVATION""",,1541936196,429737558,"""beginner_nontired_noncollaborative.POMDPx""","[True, False, False, False, True, False]",1,0,0,0,1,0
89,6,"""OBSERVATION""",,1541936211,513050123,"""beginner_nontired_noncollaborative.POMDPx""","[True, False, False, False, False, True]",1,0,0,0,0,1
90,1,"""OBSERVATION""",,1541936238,63098271,"""beginner_nontired_noncollaborative.POMDPx""","[True, False, False, True, False, False]",1,0,0,1,0,0
90,2,"""OBSERVATION""",,1541936247,713645624,"""beginner_nontired_noncollaborative.POMDPx""","[True, False, False, False, False, True]",1,0,0,0,0,1
90,3,"""OBSERVATION""",,1541936261,979731006,"""beginner_nontired_noncollaborative.POMDPx""","[True, False, False, True, False, False]",1,0,0,1,0,0
90,4,"""OBSERVATION""",,1541936268,30258851,"""beginner_nontired_noncollaborative.POMDPx""","[True, False, False, False, False, True]",1,0,0,0,0,1
91,1,"""OBSERVATION""",,1541936293,379727163,"""distracted_collaborative.POMDPx""","[True, False, False, False, False, True]",1,0,0,0,0,1
91,2,"""OBSERVATION""",,1541936308,396404480,"""distracted_collaborative.POMDPx""","[True, False, True, False, False, False]",1,0,1,0,0,0
92,1,"""OBSERVATION""",,1541936328,379747843,"""distracted_collaborative.POMDPx""","[True, True, False, False, False, True]",1,1,0,0,0,1
92,2,"""OBSERVATION""",,1541936343,396451226,"""distracted_collaborative.POMDPx""","[True, False, True, False, False, False]",1,0,1,0,0,0
93,1,"""OBSERVATION""",,1541936360,829677553,"""distracted_collaborative.POMDPx""","[True, False, False, False, False, True]",1,0,0,0,0,1
93,2,"""OBSERVATION""",,1541936368,713006704,"""distracted_collaborative.POMDPx""","[True, True, False, False, False, True]",1,1,0,0,0,1
93,3,"""OBSERVATION""",,1541936373,129772848,"""distracted_collaborative.POMDPx""","[True, True, False, False, False, True]",1,1,0,0,0,1
93,4,"""OBSERVATION""",,1541936377,496420629,"""distracted_collaborative.POMDPx""","[True, True, False, False, False, True]",1,1,0,0,0,1
93,5,"""OBSERVATION""",,1541936382,579767530,"""distracted_collaborative.POMDPx""","[True, True, False, False, False, True]",1,1,0,0,0,1
94,0,"""OBSERVATION""",,1541936401,496396531,"""distracted_collaborative.POMDPx""","[True, True, False, False, False, True]",1,1,0,0,0,1
94,1,"""OBSERVATION""",,1541936406,713069184,"""distracted_collaborative.POMDPx""","[True, True, False, False, False, True]",1,1,0,0,0,1
94,2,"""OBSERVATION""",,1541936411,113065034,"""distracted_collaborative.POMDPx""","[True, True, False, False, False, True]",1,1,0,0,0,1
94,3,"""OBSERVATION""",,1541936416,163081801,"""distracted_collaborative.POMDPx""","[True, True, False, False, False, True]",1,1,0,0,0,1
94,4,"""OBSERVATION""",,1541936425,313072529,"""distracted_collaborative.POMDPx""","[True, True, False, False, False, True]",1,1,0,0,0,1
94,5,"""OBSERVATION""",,1541936434,79835980,"""distracted_collaborative.POMDPx""","[True, True, False, False, False, True]",1,1,0,0,0,1
94,6,"""OBSERVATION""",,1541936438,963210034,"""distracted_collaborative.POMDPx""","[True, True, False, False, False, True]",1,1,0,0,0,1
94,7,"""OBSERVATION""",,1541936454,896400706,"""distracted_collaborative.POMDPx""","[True, False, False, False, False, True]",1,0,0,0,0,1
95,0,"""OBSERVATION""",,1541936477,146352533,"""distracted_collaborative.POMDPx""","[True, True, False, False, False, True]",1,1,0,0,0,1
95,1,"""OBSERVATION""",,1541936482,229730595,"""distracted_collaborative.POMDPx""","[True, True, False, False, False, True]",1,1,0,0,0,1
95,2,"""OBSERVATION""",,1541936487,746945730,"""distracted_collaborative.POMDPx""","[True, False, False, False, False, True]",1,0,0,0,0,1
95,3,"""OBSERVATION""",,1541936492,296358208,"""distracted_collaborative.POMDPx""","[True, False, False, False, False, True]",1,0,0,0,0,1
95,4,"""OBSERVATION""",,1541936502,729687566,"""distracted_collaborative.POMDPx""","[True, False, True, False, False, False]",1,0,1,0,0,0
96,0,"""OBSERVATION""",,1541936522,446432319,"""distracted_collaborative.POMDPx""","[True, True, False, False, False, True]",1,1,0,0,0,1
96,1,"""OBSERVATION""",,1541936531,896414743,"""distracted_collaborative.POMDPx""","[True, True, False, False, False, True]",1,1,0,0,0,1
96,2,"""OBSERVATION""",,1541936540,696377940,"""distracted_collaborative.POMDPx""","[True, True, False, False, False, True]",1,1,0,0,0,1
96,3,"""OBSERVATION""",,1541936550,163088915,"""distracted_collaborative.POMDPx""","[True, False, False, False, False, True]",1,0,0,0,0,1
96,4,"""OBSERVATION""",,1541936558,113112590,"""distracted_collaborative.POMDPx""","[True, False, False, False, False, True]",1,0,0,0,0,1
96,5,"""OBSERVATION""",,1541936562,379756620,"""distracted_collaborative.POMDPx""","[True, False, False, False, False, True]",1,0,0,0,0,1
97,1,"""OBSERVATION""",,1541936596,179765175,"""distracted_collaborative.POMDPx""","[True, False, False, True, False, False]",1,0,0,1,0,0
97,2,"""OBSERVATION""",,1541936601,929705394,"""distracted_collaborative.POMDPx""","[True, False, False, False, False, True]",1,0,0,0,0,1
97,3,"""OBSERVATION""",,1541936606,696357803,"""distracted_collaborative.POMDPx""","[True, False, False, False, False, True]",1,0,0,0,0,1
97,4,"""OBSERVATION""",,1541936613,779718980,"""distracted_collaborative.POMDPx""","[True, True, False, False, False, True]",1,1,0,0,0,1
97,5,"""OBSERVATION""",,1541936618,546498615,"""distracted_collaborative.POMDPx""","[True, False, False, False, False, True]",1,0,0,0,0,1
98,0,"""OBSERVATION""",,1541936636,613051867,"""distracted_collaborative.POMDPx""","[True, True, False, False, False, True]",1,1,0,0,0,1
98,1,"""OBSERVATION""",,1541936641,629732958,"""distracted_collaborative.POMDPx""","[True, True, False, False, False, True]",1,1,0,0,0,1
98,2,"""OBSERVATION""",,1541936646,780279299,"""distracted_collaborative.POMDPx""","[True, False, False, False, False, True]",1,0,0,0,0,1
98,3,"""OBSERVATION""",,1541936651,196878891,"""distracted_collaborative.POMDPx""","[True, False, False, False, False, True]",1,0,0,0,0,1
98,4,"""OBSERVATION""",,1541936658,896404639,"""distracted_collaborative.POMDPx""","[True, False, False, False, False, True]",1,0,0,0,0,1
99,0,"""OBSERVATION""",,1541936677,163011883,"""distracted_collaborative.POMDPx""","[True, True, False, False, False, True]",1,1,0,0,0,1
99,1,"""OBSERVATION""",,1541936681,829720575,"""distracted_collaborative.POMDPx""","[True, True, False, False, False, True]",1,1,0,0,0,1
99,2,"""OBSERVATION""",,1541936697,113084599,"""distracted_collaborative.POMDPx""","[True, False, False, True, False, False]",1,0,0,1,0,0
99,3,"""OBSERVATION""",,1541936705,563060233,"""distracted_collaborative.POMDPx""","[True, True, False, False, False, True]",1,1,0,0,0,1
99,4,"""OBSERVATION""",,1541936710,529773709,"""distracted_collaborative.POMDPx""","[True, True, False, False, False, True]",1,1,0,0,0,1
99,5,"""OBSERVATION""",,1541936715,629806111,"""distracted_collaborative.POMDPx""","[True, False, False, False, False, True]",1,0,0,0,0,1
100,1,"""OBSERVATION""",,1541936746,963075448,"""distracted_collaborative.POMDPx""","[True, False, True, False, False, False]",1,0,1,0,0,0
101,1,"""OBSERVATION""",,1541936767,246338900,"""distracted_collaborative.POMDPx""","[True, True, False, False, False, True]",1,1,0,0,0,1
101,2,"""OBSERVATION""",,1541936772,546382698,"""distracted_collaborative.POMDPx""","[True, True, False, False, False, True]",1,1,0,0,0,1
101,3,"""OBSERVATION""",,1541936777,929736112,"""distracted_collaborative.POMDPx""","[True, False, False, False, False, True]",1,0,0,0,0,1
101,4,"""OBSERVATION""",,1541936785,863058702,"""distracted_collaborative.POMDPx""","[True, True, False, False, False, True]",1,1,0,0,0,1
101,5,"""OBSERVATION""",,1541936791,79724616,"""distracted_collaborative.POMDPx""","[True, False, False, False, False, True]",1,0,0,0,0,1
101,6,"""OBSERVATION""",,1541936795,646438211,"""distracted_collaborative.POMDPx""","[True, False, False, False, False, True]",1,0,0,0,0,1
101,7,"""OBSERVATION""",,1541936800,129856392,"""distracted_collaborative.POMDPx""","[True, False, False, False, False, True]",1,0,0,0,0,1
102,0,"""OBSERVATION""",,1541936818,546361843,"""distracted_collaborative.POMDPx""","[True, True, False, False, False, True]",1,1,0,0,0,1
102,1,"""OBSERVATION""",,1541936829,329775600,"""distracted_collaborative.POMDPx""","[True, False, True, False, False, False]",1,0,1,0,0,0
103,1,"""OBSERVATION""",,1541936850,396383668,"""distracted_collaborative.POMDPx""","[True, True, False, False, False, True]",1,1,0,0,0,1
103,2,"""OBSERVATION""",,1541936865,563018782,"""distracted_collaborative.POMDPx""","[True, False, True, False, False, False]",1,0,1,0,0,0
104,1,"""OBSERVATION""",,1541936886,579739091,"""distracted_collaborative.POMDPx""","[True, True, False, False, False, True]",1,1,0,0,0,1
104,2,"""OBSERVATION""",,1541936892,13084145,"""distracted_collaborative.POMDPx""","[True, False, False, False, False, True]",1,0,0,0,0,1
104,3,"""OBSERVATION""",,1541936896,80137539,"""distracted_collaborative.POMDPx""","[True, False, False, False, False, True]",1,0,0,0,0,1
104,4,"""OBSERVATION""",,1541936903,663056083,"""distracted_collaborative.POMDPx""","[True, True, False, False, False, True]",1,1,0,0,0,1
105,1,"""OBSERVATION""",,1541936930,496391800,"""distracted_collaborative.POMDPx""","[True, False, False, True, False, False]",1,0,0,1,0,0
105,2,"""OBSERVATION""",,1541936934,963106784,"""distracted_collaborative.POMDPx""","[True, False, False, True, False, False]",1,0,0,1,0,0
105,3,"""OBSERVATION""",,1541936943,229730211,"""distracted_collaborative.POMDPx""","[True, True, False, False, False, True]",1,1,0,0,0,1
105,4,"""OBSERVATION""",,1541936948,413032990,"""distracted_collaborative.POMDPx""","[True, True, False, False, False, True]",1,1,0,0,0,1
105,5,"""OBSERVATION""",,1541936953,696397464,"""distracted_collaborative.POMDPx""","[True, False, False, False, False, True]",1,0,0,0,0,1
105,6,"""OBSERVATION""",,1541936958,29773379,"""distracted_collaborative.POMDPx""","[True, False, False, False, False, True]",1,0,0,0,0,1
105,7,"""OBSERVATION""",,1541936972,596378153,"""distracted_collaborative.POMDPx""","[True, False, False, True, False, False]",1,0,0,1,0,0
105,8,"""OBSERVATION""",,1541936977,429716851,"""distracted_collaborative.POMDPx""","[True, False, False, True, False, False]",1,0,0,1,0,0
105,9,"""OBSERVATION""",,1541936982,415313963,"""distracted_collaborative.POMDPx""","[True, False, False, True, False, False]",1,0,0,1,0,0
105,10,"""OBSERVATION""",,1541936991,29749993,"""distracted_collaborative.POMDPx""","[True, True, False, False, False, True]",1,1,0,0,0,1
105,11,"""OBSERVATION""",,1541936996,379692997,"""distracted_collaborative.POMDPx""","[True, False, False, False, False, True]",1,0,0,0,0,1
105,12,"""OBSERVATION""",,1541937000,979810102,"""distracted_collaborative.POMDPx""","[True, False, False, False, False, True]",1,0,0,0,0,1
105,13,"""OBSERVATION""",,1541937005,213076803,"""distracted_collaborative.POMDPx""","[True, False, False, False, False, True]",1,0,0,0,0,1
106,0,"""OBSERVATION""",,1541937027,329704419,"""distracted_collaborative.POMDPx""","[True, False, False, False, False, True]",1,0,0,0,0,1
106,1,"""OBSERVATION""",,1541937042,63060802,"""distracted_collaborative.POMDPx""","[True, False, True, False, False, False]",1,0,1,0,0,0
107,1,"""OBSERVATION""",,1541937062,546348266,"""distracted_collaborative.POMDPx""","[True, True, False, False, False, True]",1,1,0,0,0,1
107,2,"""OBSERVATION""",,1541937067,929819939,"""distracted_collaborative.POMDPx""","[True, True, False, False, False, True]",1,1,0,0,0,1
107,3,"""OBSERVATION""",,1541937073,246408160,"""distracted_collaborative.POMDPx""","[True, True, False, False, False, True]",1,1,0,0,0,1
107,4,"""OBSERVATION""",,1541937078,546396186,"""distracted_collaborative.POMDPx""","[True, False, False, False, False, True]",1,0,0,0,0,1
107,5,"""OBSERVATION""",,1541937083,263030422,"""distracted_collaborative.POMDPx""","[True, False, False, False, False, True]",1,0,0,0,0,1
107,6,"""OBSERVATION""",,1541937090,379740984,"""distracted_collaborative.POMDPx""","[True, False, False, False, False, True]",1,0,0,0,0,1
108,0,"""OBSERVATION""",,1541937108,429771008,"""distracted_collaborative.POMDPx""","[True, True, False, False, False, True]",1,1,0,0,0,1
108,1,"""OBSERVATION""",,1541937113,946363507,"""distracted_collaborative.POMDPx""","[True, False, False, False, False, True]",1,0,0,0,0,1
108,2,"""OBSERVATION""",,1541937121,329750349,"""distracted_collaborative.POMDPx""","[True, True, False, False, False, True]",1,1,0,0,0,1
108,3,"""OBSERVATION""",,1541937125,979724653,"""distracted_collaborative.POMDPx""","[True, False, False, False, False, True]",1,0,0,0,0,1
108,4,"""OBSERVATION""",,1541937132,813093640,"""distracted_collaborative.POMDPx""","[True, True, False, False, False, True]",1,1,0,0,0,1
108,5,"""OBSERVATION""",,1541937137,463047725,"""distracted_collaborative.POMDPx""","[True, False, False, False, False, True]",1,0,0,0,0,1
109,0,"""OBSERVATION""",,1541937155,796398735,"""distracted_collaborative.POMDPx""","[True, True, False, False, False, True]",1,1,0,0,0,1
109,1,"""OBSERVATION""",,1541937160,496461453,"""distracted_collaborative.POMDPx""","[True, True, False, False, False, True]",1,1,0,0,0,1
109,2,"""OBSERVATION""",,1541937175,696405930,"""distracted_collaborative.POMDPx""","[True, False, False, True, False, False]",1,0,0,1,0,0
109,3,"""OBSERVATION""",,1541937180,396431398,"""distracted_collaborative.POMDPx""","[True, False, False, True, False, False]",1,0,0,1,0,0
109,4,"""OBSERVATION""",,1541937186,146420843,"""distracted_collaborative.POMDPx""","[True, False, False, False, False, True]",1,0,0,0,0,1
109,5,"""OBSERVATION""",,1541937191,196479691,"""distracted_collaborative.POMDPx""","[True, False, False, False, False, True]",1,0,0,0,0,1
109,6,"""OBSERVATION""",,1541937198,780255875,"""distracted_collaborative.POMDPx""","[True, False, False, False, False, True]",1,0,0,0,0,1
110,0,"""OBSERVATION""",,1541937220,246400058,"""distracted_collaborative.POMDPx""","[True, True, False, False, False, True]",1,1,0,0,0,1
110,1,"""OBSERVATION""",,1541937225,379738889,"""distracted_collaborative.POMDPx""","[True, True, False, False, False, True]",1,1,0,0,0,1
110,2,"""OBSERVATION""",,1541937230,579763542,"""distracted_collaborative.POMDPx""","[True, True, False, False, False, True]",1,1,0,0,0,1
110,3,"""OBSERVATION""",,1541937235,763069044,"""distracted_collaborative.POMDPx""","[True, True, False, False, False, True]",1,1,0,0,0,1
110,4,"""OBSERVATION""",,1541937246,846437418,"""distracted_collaborative.POMDPx""","[True, False, True, False, False, False]",1,0,1,0,0,0
111,0,"""OBSERVATION""",,1541937265,779741040,"""distracted_collaborative.POMDPx""","[True, True, False, False, False, True]",1,1,0,0,0,1
111,1,"""OBSERVATION""",,1541937280,663507912,"""distracted_collaborative.POMDPx""","[True, False, True, False, False, False]",1,0,1,0,0,0
112,0,"""OBSERVATION""",,1541937300,463075200,"""distracted_collaborative.POMDPx""","[True, True, False, False, False, True]",1,1,0,0,0,1
112,1,"""OBSERVATION""",,1541937305,246844114,"""distracted_collaborative.POMDPx""","[True, True, False, False, False, True]",1,1,0,0,0,1
112,2,"""OBSERVATION""",,1541937309,779735138,"""distracted_collaborative.POMDPx""","[True, True, False, False, False, True]",1,1,0,0,0,1
112,3,"""OBSERVATION""",,1541937325,96334319,"""distracted_collaborative.POMDPx""","[True, False, True, False, False, False]",1,0,1,0,0,0
113,0,"""OBSERVATION""",,1541937343,763032584,"""distracted_collaborative.POMDPx""","[True, True, False, False, False, True]",1,1,0,0,0,1
113,1,"""OBSERVATION""",,1541937348,563106074,"""distracted_collaborative.POMDPx""","[True, True, False, False, False, True]",1,1,0,0,0,1
113,2,"""OBSERVATION""",,1541937353,546506545,"""distracted_collaborative.POMDPx""","[True, False, False, False, False, True]",1,0,0,0,0,1
113,3,"""OBSERVATION""",,1541937357,996389842,"""distracted_collaborative.POMDPx""","[True, False, False, False, False, True]",1,0,0,0,0,1
113,4,"""OBSERVATION""",,1541937362,363560861,"""distracted_collaborative.POMDPx""","[True, False, False, False, False, True]",1,0,0,0,0,1
113,5,"""OBSERVATION""",,1541937366,546352827,"""distracted_collaborative.POMDPx""","[True, False, False, False, False, True]",1,0,0,0,0,1
114,1,"""OBSERVATION""",,1541937392,713068723,"""distracted_collaborative.POMDPx""","[True, False, False, True, False, False]",1,0,0,1,0,0
114,2,"""OBSERVATION""",,1541937400,513636355,"""distracted_collaborative.POMDPx""","[True, True, False, False, False, True]",1,1,0,0,0,1
114,3,"""OBSERVATION""",,1541937411,763077435,"""distracted_collaborative.POMDPx""","[True, False, True, False, False, False]",1,0,1,0,0,0
115,0,"""OBSERVATION""",,1541937430,829734630,"""distracted_collaborative.POMDPx""","[True, True, False, False, False, True]",1,1,0,0,0,1
115,1,"""OBSERVATION""",,1541937439,813039175,"""distracted_collaborative.POMDPx""","[True, True, False, False, False, True]",1,1,0,0,0,1
115,2,"""OBSERVATION""",,1541937448,313087025,"""distracted_collaborative.POMDPx""","[True, True, False, False, False, True]",1,1,0,0,0,1
115,3,"""OBSERVATION""",,1541937457,46406747,"""distracted_collaborative.POMDPx""","[True, True, False, False, False, True]",1,1,0,0,0,1
115,4,"""OBSERVATION""",,1541937466,379740582,"""distracted_collaborative.POMDPx""","[True, False, False, False, False, True]",1,0,0,0,0,1
115,5,"""OBSERVATION""",,1541937481,879738938,"""distracted_collaborative.POMDPx""","[True, False, False, False, False, True]",1,0,0,0,0,1
116,0,"""OBSERVATION""",,1541937499,879743467,"""distracted_collaborative.POMDPx""","[True, True, False, False, False, True]",1,1,0,0,0,1
116,1,"""OBSERVATION""",,1541937505,163070897,"""distracted_collaborative.POMDPx""","[True, True, False, False, False, True]",1,1,0,0,0,1
116,2,"""OBSERVATION""",,1541937516,63034733,"""distracted_collaborative.POMDPx""","[True, False, True, False, False, False]",1,0,1,0,0,0
117,1,"""OBSERVATION""",,1541937539,429742929,"""distracted_collaborative.POMDPx""","[True, False, True, False, False, False]",1,0,1,0,0,0
118,1,"""OBSERVATION""",,1541937566,79738791,"""distracted_collaborative.POMDPx""","[True, False, False, True, False, False]",1,0,0,1,0,0
118,2,"""OBSERVATION""",,1541937577,463082984,"""distracted_collaborative.POMDPx""","[True, False, True, False, False, False]",1,0,1,0,0,0
119,1,"""OBSERVATION""",,1541937594,979695541,"""distracted_collaborative.POMDPx""","[True, False, False, False, False, True]",1,0,0,0,0,1
119,2,"""OBSERVATION""",,1541937600,263037140,"""distracted_collaborative.POMDPx""","[True, False, False, False, False, True]",1,0,0,0,0,1
119,3,"""OBSERVATION""",,1541937604,913070053,"""distracted_collaborative.POMDPx""","[True, False, False, False, False, True]",1,0,0,0,0,1
119,4,"""OBSERVATION""",,1541937612,496372945,"""distracted_collaborative.POMDPx""","[True, False, False, False, False, True]",1,0,0,0,0,1
120,1,"""OBSERVATION""",,1541937629,796514254,"""distracted_collaborative.POMDPx""","[True, False, False, False, False, True]",1,0,0,0,0,1
120,2,"""OBSERVATION""",,1541937637,213273447,"""distracted_collaborative.POMDPx""","[True, True, False, False, False, True]",1,1,0,0,0,1
120,3,"""OBSERVATION""",,1541937641,846402670,"""distracted_collaborative.POMDPx""","[True, True, False, False, False, True]",1,1,0,0,0,1
120,4,"""OBSERVATION""",,1541937646,679741681,"""distracted_collaborative.POMDPx""","[True, False, False, False, False, True]",1,0,0,0,0,1
120,5,"""OBSERVATION""",,1541937651,379709218,"""distracted_collaborative.POMDPx""","[True, False, False, False, False, True]",1,0,0,0,0,1
120,6,"""OBSERVATION""",,1541937658,863050628,"""distracted_collaborative.POMDPx""","[True, False, False, False, False, True]",1,0,0,0,0,1
121,1,"""OBSERVATION""",,1541937681,279730021,"""beginner_tired_collaborative.POMDPx""","[True, False, True, False, False, False]",1,0,1,0,0,0
122,1,"""OBSERVATION""",,1541937699,896413554,"""beginner_tired_collaborative.POMDPx""","[True, False, False, False, False, True]",1,0,0,0,0,1
122,2,"""OBSERVATION""",,1541937705,163072658,"""beginner_tired_collaborative.POMDPx""","[True, False, False, False, False, True]",1,0,0,0,0,1
122,3,"""OBSERVATION""",,1541937709,813043753,"""beginner_tired_collaborative.POMDPx""","[True, False, False, False, False, True]",1,0,0,0,0,1
122,4,"""OBSERVATION""",,1541937714,13167555,"""beginner_tired_collaborative.POMDPx""","[True, False, False, False, False, True]",1,0,0,0,0,1
122,5,"""OBSERVATION""",,1541937718,229798584,"""beginner_tired_collaborative.POMDPx""","[True, False, False, False, True, False]",1,0,0,0,1,0
123,1,"""OBSERVATION""",,1541937735,447605157,"""beginner_tired_collaborative.POMDPx""","[True, False, False, False, False, True]",1,0,0,0,0,1
123,2,"""OBSERVATION""",,1541937750,263098178,"""beginner_tired_collaborative.POMDPx""","[True, False, True, False, False, False]",1,0,1,0,0,0
124,1,"""OBSERVATION""",,1541937768,46364957,"""beginner_tired_collaborative.POMDPx""","[True, False, False, False, False, True]",1,0,0,0,0,1
124,2,"""OBSERVATION""",,1541937773,146435765,"""beginner_tired_collaborative.POMDPx""","[True, False, False, False, False, True]",1,0,0,0,0,1
124,3,"""OBSERVATION""",,1541937778,46932435,"""beginner_tired_collaborative.POMDPx""","[True, False, False, False, False, True]",1,0,0,0,0,1
124,4,"""OBSERVATION""",,1541937782,713094297,"""beginner_tired_collaborative.POMDPx""","[True, False, False, False, False, True]",1,0,0,0,0,1
124,5,"""OBSERVATION""",,1541937786,830394626,"""beginner_tired_collaborative.POMDPx""","[False, True, False, False, False, False]",0,1,0,0,0,0
125,1,"""OBSERVATION""",,1541937818,763090596,"""beginner_tired_collaborative.POMDPx""","[True, False, False, True, False, False]",1,0,0,1,0,0
125,2,"""OBSERVATION""",,1541937824,896395545,"""beginner_tired_collaborative.POMDPx""","[True, False, False, False, False, True]",1,0,0,0,0,1
125,3,"""OBSERVATION""",,1541937830,129719201,"""beginner_tired_collaborative.POMDPx""","[True, False, False, False, False, True]",1,0,0,0,0,1
125,4,"""OBSERVATION""",,1541937834,913118264,"""beginner_tired_collaborative.POMDPx""","[True, False, False, False, False, True]",1,0,0,0,0,1
125,5,"""OBSERVATION""",,1541937848,846439714,"""beginner_tired_collaborative.POMDPx""","[True, False, False, True, False, False]",1,0,0,1,0,0
126,1,"""OBSERVATION""",,1541937881,113028840,"""beginner_tired_collaborative.POMDPx""","[True, False, True, False, False, False]",1,0,1,0,0,0
127,1,"""OBSERVATION""",,1541937903,779690046,"""beginner_tired_collaborative.POMDPx""","[True, False, True, False, False, False]",1,0,1,0,0,0
128,1,"""OBSERVATION""",,1541937920,863072855,"""beginner_tired_collaborative.POMDPx""","[True, False, False, False, False, True]",1,0,0,0,0,1
128,2,"""OBSERVATION""",,1541937926,129888103,"""beginner_tired_collaborative.POMDPx""","[True, False, False, False, False, True]",1,0,0,0,0,1
128,3,"""OBSERVATION""",,1541937930,929774866,"""beginner_tired_collaborative.POMDPx""","[True, False, False, False, False, True]",1,0,0,0,0,1
128,4,"""OBSERVATION""",,1541937938,363255378,"""beginner_tired_collaborative.POMDPx""","[True, False, False, False, False, True]",1,0,0,0,0,1
129,1,"""OBSERVATION""",,1541937955,363104492,"""beginner_tired_collaborative.POMDPx""","[True, False, False, False, False, True]",1,0,0,0,0,1
129,2,"""OBSERVATION""",,1541937960,13541619,"""beginner_tired_collaborative.POMDPx""","[True, False, False, False, False, True]",1,0,0,0,0,1
129,3,"""OBSERVATION""",,1541937964,629735322,"""beginner_tired_collaborative.POMDPx""","[True, False, False, False, False, True]",1,0,0,0,0,1
129,4,"""OBSERVATION""",,1541937968,796402430,"""beginner_tired_collaborative.POMDPx""","[True, False, False, False, False, True]",1,0,0,0,0,1
129,5,"""OBSERVATION""",,1541937973,346400274,"""beginner_tired_collaborative.POMDPx""","[True, False, False, False, False, True]",1,0,0,0,0,1
129,6,"""OBSERVATION""",,1541937977,546662172,"""beginner_tired_collaborative.POMDPx""","[True, False, False, False, False, True]",1,0,0,0,0,1
130,1,"""OBSERVATION""",,1541938004,329777822,"""beginner_tired_collaborative.POMDPx""","[True, False, False, True, False, False]",1,0,0,1,0,0
130,2,"""OBSERVATION""",,1541938010,29733210,"""beginner_tired_collaborative.POMDPx""","[True, False, False, False, False, True]",1,0,0,0,0,1
130,3,"""OBSERVATION""",,1541938015,146401374,"""beginner_tired_collaborative.POMDPx""","[True, False, False, False, False, True]",1,0,0,0,0,1
130,4,"""OBSERVATION""",,1541938019,913096799,"""beginner_tired_collaborative.POMDPx""","[True, False, False, False, False, True]",1,0,0,0,0,1
130,5,"""OBSERVATION""",,1541938027,446369014,"""beginner_tired_collaborative.POMDPx""","[True, True, False, False, False, True]",1,1,0,0,0,1
130,6,"""OBSERVATION""",,1541938032,246483969,"""beginner_tired_collaborative.POMDPx""","[True, False, False, False, False, True]",1,0,0,0,0,1
130,7,"""OBSERVATION""",,1541938036,813012467,"""beginner_tired_collaborative.POMDPx""","[True, False, False, False, False, True]",1,0,0,0,0,1
131,1,"""OBSERVATION""",,1541938059,446448810,"""beginner_tired_collaborative.POMDPx""","[True, False, False, False, False, True]",1,0,0,0,0,1
131,2,"""OBSERVATION""",,1541938064,229774431,"""beginner_tired_collaborative.POMDPx""","[True, False, False, False, False, True]",1,0,0,0,0,1
131,3,"""OBSERVATION""",,1541938068,779711003,"""beginner_tired_collaborative.POMDPx""","[True, False, False, False, False, True]",1,0,0,0,0,1
131,4,"""OBSERVATION""",,1541938073,279723142,"""beginner_tired_collaborative.POMDPx""","[True, False, False, False, False, True]",1,0,0,0,0,1
131,5,"""OBSERVATION""",,1541938077,613077855,"""beginner_tired_collaborative.POMDPx""","[True, False, False, False, False, True]",1,0,0,0,0,1
132,1,"""OBSERVATION""",,1541938094,913083100,"""beginner_tired_collaborative.POMDPx""","[True, False, False, False, False, True]",1,0,0,0,0,1
132,2,"""OBSERVATION""",,1541938105,679708568,"""beginner_tired_collaborative.POMDPx""","[True, False, True, False, False, False]",1,0,1,0,0,0
133,1,"""OBSERVATION""",,1541938122,496428688,"""beginner_tired_collaborative.POMDPx""","[True, False, False, False, False, True]",1,0,0,0,0,1
133,2,"""OBSERVATION""",,1541938133,346397208,"""beginner_tired_collaborative.POMDPx""","[True, False, True, False, False, False]",1,0,1,0,0,0
134,1,"""OBSERVATION""",,1541938151,129713206,"""beginner_tired_collaborative.POMDPx""","[True, False, False, False, False, True]",1,0,0,0,0,1
134,2,"""OBSERVATION""",,1541938156,46400106,"""beginner_tired_collaborative.POMDPx""","[True, False, False, False, False, True]",1,0,0,0,0,1
134,3,"""OBSERVATION""",,1541938170,346428625,"""beginner_tired_collaborative.POMDPx""","[True, False, False, True, False, False]",1,0,0,1,0,0
134,4,"""OBSERVATION""",,1541938176,163055751,"""beginner_tired_collaborative.POMDPx""","[True, False, False, False, False, True]",1,0,0,0,0,1
134,5,"""OBSERVATION""",,1541938180,629698094,"""beginner_tired_collaborative.POMDPx""","[True, False, False, False, False, True]",1,0,0,0,0,1
134,6,"""OBSERVATION""",,1541938184,929753164,"""beginner_tired_collaborative.POMDPx""","[True, False, False, False, False, True]",1,0,0,0,0,1
134,7,"""OBSERVATION""",,1541938189,96893187,"""beginner_tired_collaborative.POMDPx""","[True, False, False, False, True, False]",1,0,0,0,1,0
135,1,"""OBSERVATION""",,1541938214,263081249,"""beginner_tired_collaborative.POMDPx""","[True, False, False, False, False, True]",1,0,0,0,0,1
135,2,"""OBSERVATION""",,1541938218,913049264,"""beginner_tired_collaborative.POMDPx""","[True, False, False, False, False, True]",1,0,0,0,0,1
135,3,"""OBSERVATION""",,1541938229,446386837,"""beginner_tired_collaborative.POMDPx""","[True, False, True, False, False, False]",1,0,1,0,0,0
136,1,"""OBSERVATION""",,1541938246,913059288,"""beginner_tired_collaborative.POMDPx""","[True, False, False, False, False, True]",1,0,0,0,0,1
136,2,"""OBSERVATION""",,1541938251,313034017,"""beginner_tired_collaborative.POMDPx""","[True, False, False, False, False, True]",1,0,0,0,0,1
136,3,"""OBSERVATION""",,1541938255,946449291,"""beginner_tired_collaborative.POMDPx""","[False, True, False, False, False, False]",0,1,0,0,0,0
136,4,"""OBSERVATION""",,1541938260,479693342,"""beginner_tired_collaborative.POMDPx""","[False, False, False, False, False, False]",0,0,0,0,0,0
136,5,"""OBSERVATION""",,1541938265,179752724,"""beginner_tired_collaborative.POMDPx""","[False, False, False, False, False, False]",0,0,0,0,0,0
136,6,"""OBSERVATION""",,1541938269,746852518,"""beginner_tired_collaborative.POMDPx""","[False, False, False, False, False, False]",0,0,0,0,0,0
137,1,"""OBSERVATION""",,1541938291,596408347,"""beginner_tired_collaborative.POMDPx""","[True, False, False, False, False, True]",1,0,0,0,0,1
137,2,"""OBSERVATION""",,1541938302,596433862,"""beginner_tired_collaborative.POMDPx""","[True, False, True, False, False, False]",1,0,1,0,0,0
138,0,"""OBSERVATION""",,1541938319,129708647,"""beginner_tired_collaborative.POMDPx""","[True, False, False, False, False, True]",1,0,0,0,0,1
138,1,"""OBSERVATION""",,1541938333,113098006,"""beginner_tired_collaborative.POMDPx""","[True, False, False, True, False, False]",1,0,0,1,0,0
138,2,"""OBSERVATION""",,1541938338,796422467,"""beginner_tired_collaborative.POMDPx""","[True, False, False, False, False, True]",1,0,0,0,0,1
138,3,"""OBSERVATION""",,1541938344,46435261,"""beginner_tired_collaborative.POMDPx""","[True, False, False, False, False, True]",1,0,0,0,0,1
138,4,"""OBSERVATION""",,1541938348,696397048,"""beginner_tired_collaborative.POMDPx""","[True, False, False, False, False, True]",1,0,0,0,0,1
138,5,"""OBSERVATION""",,1541938352,996379643,"""beginner_tired_collaborative.POMDPx""","[True, False, False, False, False, True]",1,0,0,0,0,1
138,6,"""OBSERVATION""",,1541938357,296641293,"""beginner_tired_collaborative.POMDPx""","[True, False, False, False, True, False]",1,0,0,0,1,0
139,1,"""OBSERVATION""",,1541938374,79707243,"""beginner_tired_collaborative.POMDPx""","[True, False, False, False, False, True]",1,0,0,0,0,1
139,2,"""OBSERVATION""",,1541938388,329745174,"""beginner_tired_collaborative.POMDPx""","[True, False, False, True, False, False]",1,0,0,1,0,0
139,3,"""OBSERVATION""",,1541938394,179734003,"""beginner_tired_collaborative.POMDPx""","[True, False, False, False, False, True]",1,0,0,0,0,1
139,4,"""OBSERVATION""",,1541938398,929735577,"""beginner_tired_collaborative.POMDPx""","[True, False, False, False, False, True]",1,0,0,0,0,1
139,5,"""OBSERVATION""",,1541938403,329790658,"""beginner_tired_collaborative.POMDPx""","[True, False, False, False, False, True]",1,0,0,0,0,1
139,6,"""OBSERVATION""",,1541938407,913100968,"""beginner_tired_collaborative.POMDPx""","[True, False, False, False, False, True]",1,0,0,0,0,1
139,7,"""OBSERVATION""",,1541938411,929710447,"""beginner_tired_collaborative.POMDPx""","[True, False, False, False, True, False]",1,0,0,0,1,0
140,1,"""OBSERVATION""",,1541938437,665352871,"""beginner_tired_collaborative.POMDPx""","[True, False, False, False, False, True]",1,0,0,0,0,1
140,2,"""OBSERVATION""",,1541938442,863094330,"""beginner_tired_collaborative.POMDPx""","[True, False, False, False, False, True]",1,0,0,0,0,1
140,3,"""OBSERVATION""",,1541938447,279756174,"""beginner_tired_collaborative.POMDPx""","[True, False, False, False, False, True]",1,0,0,0,0,1
140,4,"""OBSERVATION""",,1541938451,863049082,"""beginner_tired_collaborative.POMDPx""","[True, False, False, False, False, True]",1,0,0,0,0,1
140,5,"""OBSERVATION""",,1541938459,813059564,"""beginner_tired_collaborative.POMDPx""","[True, True, False, False, False, True]",1,1,0,0,0,1
140,6,"""OBSERVATION""",,1541938464,779831961,"""beginner_tired_collaborative.POMDPx""","[True, False, False, False, False, True]",1,0,0,0,0,1
140,7,"""OBSERVATION""",,1541938469,463091686,"""beginner_tired_collaborative.POMDPx""","[False, True, False, False, False, False]",0,1,0,0,0,0
140,8,"""OBSERVATION""",,1541938474,63106303,"""beginner_tired_collaborative.POMDPx""","[False, False, False, False, False, False]",0,0,0,0,0,0
140,9,"""OBSERVATION""",,1541938478,479752794,"""beginner_tired_collaborative.POMDPx""","[False, False, False, False, False, False]",0,0,0,0,0,0
141,1,"""OBSERVATION""",,1541938507,581468111,"""beginner_tired_collaborative.POMDPx""","[True, False, False, False, False, True]",1,0,0,0,0,1
141,2,"""OBSERVATION""",,1541938512,463067170,"""beginner_tired_collaborative.POMDPx""","[True, False, False, False, False, True]",1,0,0,0,0,1
141,3,"""OBSERVATION""",,1541938526,563054168,"""beginner_tired_collaborative.POMDPx""","[True, False, False, True, False, False]",1,0,0,1,0,0
141,4,"""OBSERVATION""",,1541938532,46393196,"""beginner_tired_collaborative.POMDPx""","[True, False, False, False, False, True]",1,0,0,0,0,1
141,5,"""OBSERVATION""",,1541938546,563086799,"""beginner_tired_collaborative.POMDPx""","[True, False, False, True, False, False]",1,0,0,1,0,0
141,6,"""OBSERVATION""",,1541938560,563105438,"""beginner_tired_collaborative.POMDPx""","[True, False, False, False, False, True]",1,0,0,0,0,1
142,1,"""OBSERVATION""",,1541938577,946590192,"""beginner_tired_collaborative.POMDPx""","[True, False, False, False, False, True]",1,0,0,0,0,1
142,2,"""OBSERVATION""",,1541938582,63352423,"""beginner_tired_collaborative.POMDPx""","[True, False, False, False, False, True]",1,0,0,0,0,1
142,3,"""OBSERVATION""",,1541938586,163033195,"""beginner_tired_collaborative.POMDPx""","[True, False, False, False, False, True]",1,0,0,0,0,1
142,4,"""OBSERVATION""",,1541938590,813043960,"""beginner_tired_collaborative.POMDPx""","[False, True, False, False, False, False]",0,1,0,0,0,0
142,5,"""OBSERVATION""",,1541938595,363085164,"""beginner_tired_collaborative.POMDPx""","[False, False, False, False, False, False]",0,0,0,0,0,0
142,6,"""OBSERVATION""",,1541938599,979757552,"""beginner_tired_collaborative.POMDPx""","[False, False, False, False, False, False]",0,0,0,0,0,0
142,7,"""OBSERVATION""",,1541938604,713163890,"""beginner_tired_collaborative.POMDPx""","[False, False, False, False, False, False]",0,0,0,0,0,0
143,1,"""OBSERVATION""",,1541938635,296420211,"""beginner_tired_collaborative.POMDPx""","[True, False, False, True, False, False]",1,0,0,1,0,0
143,2,"""OBSERVATION""",,1541938640,980210892,"""beginner_tired_collaborative.POMDPx""","[True, False, False, False, False, True]",1,0,0,0,0,1
143,3,"""OBSERVATION""",,1541938645,729666113,"""beginner_tired_collaborative.POMDPx""","[True, False, False, False, False, True]",1,0,0,0,0,1
143,4,"""OBSERVATION""",,1541938650,979727085,"""beginner_tired_collaborative.POMDPx""","[True, False, False, False, False, True]",1,0,0,0,0,1
143,5,"""OBSERVATION""",,1541938654,796496007,"""beginner_tired_collaborative.POMDPx""","[True, False, False, False, False, True]",1,0,0,0,0,1
143,6,"""OBSERVATION""",,1541938659,663072707,"""beginner_tired_collaborative.POMDPx""","[True, False, False, False, False, True]",1,0,0,0,0,1
143,7,"""OBSERVATION""",,1541938664,163063330,"""beginner_tired_collaborative.POMDPx""","[True, False, False, False, False, True]",1,0,0,0,0,1
144,1,"""OBSERVATION""",,1541938689,479732073,"""beginner_tired_collaborative.POMDPx""","[True, False, False, False, False, True]",1,0,0,0,0,1
144,2,"""OBSERVATION""",,1541938694,396404168,"""beginner_tired_collaborative.POMDPx""","[True, False, False, False, False, True]",1,0,0,0,0,1
144,3,"""OBSERVATION""",,1541938699,63033698,"""beginner_tired_collaborative.POMDPx""","[True, False, False, False, False, True]",1,0,0,0,0,1
144,4,"""OBSERVATION""",,1541938704,279722230,"""beginner_tired_collaborative.POMDPx""","[True, False, False, False, False, True]",1,0,0,0,0,1
144,5,"""OBSERVATION""",,1541938709,179734008,"""beginner_tired_collaborative.POMDPx""","[True, False, False, False, False, True]",1,0,0,0,0,1
144,6,"""OBSERVATION""",,1541938714,179735492,"""beginner_tired_collaborative.POMDPx""","[True, False, False, False, False, True]",1,0,0,0,0,1
144,7,"""OBSERVATION""",,1541938718,596403809,"""beginner_tired_collaborative.POMDPx""","[True, False, False, False, False, True]",1,0,0,0,0,1
145,1,"""OBSERVATION""",,1541938736,413041566,"""beginner_tired_collaborative.POMDPx""","[True, False, False, False, False, True]",1,0,0,0,0,1
145,2,"""OBSERVATION""",,1541938740,980287718,"""beginner_tired_collaborative.POMDPx""","[True, False, False, False, False, True]",1,0,0,0,0,1
145,3,"""OBSERVATION""",,1541938745,263055480,"""beginner_tired_collaborative.POMDPx""","[True, False, False, False, False, True]",1,0,0,0,0,1
145,4,"""OBSERVATION""",,1541938749,813484124,"""beginner_tired_collaborative.POMDPx""","[True, False, False, False, False, True]",1,0,0,0,0,1
145,5,"""OBSERVATION""",,1541938754,329677619,"""beginner_tired_collaborative.POMDPx""","[False, True, False, False, False, False]",0,1,0,0,0,0
145,6,"""OBSERVATION""",,1541938758,946434492,"""beginner_tired_collaborative.POMDPx""","[False, True, False, False, False, False]",0,1,0,0,0,0
145,7,"""OBSERVATION""",,1541938763,429735336,"""beginner_tired_collaborative.POMDPx""","[False, True, False, False, False, False]",0,1,0,0,0,0
145,8,"""OBSERVATION""",,1541938768,196368109,"""beginner_tired_collaborative.POMDPx""","[False, False, False, False, False, False]",0,0,0,0,0,0
146,1,"""OBSERVATION""",,1541938789,329741409,"""beginner_tired_collaborative.POMDPx""","[True, False, False, False, False, True]",1,0,0,0,0,1
146,2,"""OBSERVATION""",,1541938794,246377000,"""beginner_tired_collaborative.POMDPx""","[True, False, False, False, False, True]",1,0,0,0,0,1
146,3,"""OBSERVATION""",,1541938799,179671791,"""beginner_tired_collaborative.POMDPx""","[True, False, False, False, False, True]",1,0,0,0,0,1
146,4,"""OBSERVATION""",,1541938806,863028476,"""beginner_tired_collaborative.POMDPx""","[True, True, False, False, False, True]",1,1,0,0,0,1
146,5,"""OBSERVATION""",,1541938811,746412802,"""beginner_tired_collaborative.POMDPx""","[True, False, False, False, False, True]",1,0,0,0,0,1
146,6,"""OBSERVATION""",,1541938816,364724649,"""beginner_tired_collaborative.POMDPx""","[True, False, False, False, False, True]",1,0,0,0,0,1
146,7,"""OBSERVATION""",,1541938820,729768842,"""beginner_tired_collaborative.POMDPx""","[True, False, False, False, False, True]",1,0,0,0,0,1
147,1,"""OBSERVATION""",,1541938847,346401356,"""beginner_tired_collaborative.POMDPx""","[True, False, False, True, False, False]",1,0,0,1,0,0
147,2,"""OBSERVATION""",,1541938852,746410124,"""beginner_tired_collaborative.POMDPx""","[True, False, False, False, False, True]",1,0,0,0,0,1
147,3,"""OBSERVATION""",,1541938857,279762194,"""beginner_tired_collaborative.POMDPx""","[True, False, False, False, False, True]",1,0,0,0,0,1
147,4,"""OBSERVATION""",,1541938871,679769645,"""beginner_tired_collaborative.POMDPx""","[True, False, False, True, False, False]",1,0,0,1,0,0
147,5,"""OBSERVATION""",,1541938876,780182370,"""beginner_tired_collaborative.POMDPx""","[True, False, False, False, False, True]",1,0,0,0,0,1
147,6,"""OBSERVATION""",,1541938891,696456878,"""beginner_tired_collaborative.POMDPx""","[True, False, False, False, False, True]",1,0,0,0,0,1
148,1,"""OBSERVATION""",,1541938918,480196968,"""beginner_tired_collaborative.POMDPx""","[True, False, False, True, False, False]",1,0,0,1,0,0
148,2,"""OBSERVATION""",,1541938924,229714516,"""beginner_tired_collaborative.POMDPx""","[True, False, False, False, False, True]",1,0,0,0,0,1
148,3,"""OBSERVATION""",,1541938928,929676863,"""beginner_tired_collaborative.POMDPx""","[True, False, False, False, False, True]",1,0,0,0,0,1
148,4,"""OBSERVATION""",,1541938933,280282082,"""beginner_tired_collaborative.POMDPx""","[True, False, False, False, True, False]",1,0,0,0,1,0
148,5,"""OBSERVATION""",,1541938937,913073140,"""beginner_tired_collaborative.POMDPx""","[True, False, False, False, False, True]",1,0,0,0,0,1
148,6,"""OBSERVATION""",,1541938944,429739435,"""beginner_tired_collaborative.POMDPx""","[True, False, False, False, False, True]",1,0,0,0,0,1
149,1,"""OBSERVATION""",,1541938960,499578134,"""beginner_tired_collaborative.POMDPx""","[True, False, False, False, False, True]",1,0,0,0,0,1
149,2,"""OBSERVATION""",,1541938965,163033669,"""beginner_tired_collaborative.POMDPx""","[True, False, False, False, False, True]",1,0,0,0,0,1
149,3,"""OBSERVATION""",,1541938970,229709281,"""beginner_tired_collaborative.POMDPx""","[True, False, False, False, False, True]",1,0,0,0,0,1
149,4,"""OBSERVATION""",,1541938974,829788517,"""beginner_tired_collaborative.POMDPx""","[False, True, False, False, False, False]",0,1,0,0,0,0
149,5,"""OBSERVATION""",,1541938979,596377628,"""beginner_tired_collaborative.POMDPx""","[False, False, False, False, False, False]",0,0,0,0,0,0
149,6,"""OBSERVATION""",,1541938984,113061808,"""beginner_tired_collaborative.POMDPx""","[False, False, False, False, False, False]",0,0,0,0,0,0
149,7,"""OBSERVATION""",,1541938988,496398418,"""beginner_tired_collaborative.POMDPx""","[False, False, False, False, False, False]",0,0,0,0,0,0
150,1,"""OBSERVATION""",,1541939010,313163245,"""beginner_tired_collaborative.POMDPx""","[True, False, False, False, False, True]",1,0,0,0,0,1
150,2,"""OBSERVATION""",,1541939014,863056243,"""beginner_tired_collaborative.POMDPx""","[True, False, False, False, False, True]",1,0,0,0,0,1
150,3,"""OBSERVATION""",,1541939019,446375416,"""beginner_tired_collaborative.POMDPx""","[True, False, False, False, False, True]",1,0,0,0,0,1
150,4,"""OBSERVATION""",,1541939024,63059980,"""beginner_tired_collaborative.POMDPx""","[True, False, False, False, False, True]",1,0,0,0,0,1
150,5,"""OBSERVATION""",,1541939028,763626295,"""beginner_tired_collaborative.POMDPx""","[False, True, False, False, False, False]",0,1,0,0,0,0
150,6,"""OBSERVATION""",,1541939033,213514786,"""beginner_tired_collaborative.POMDPx""","[False, False, False, False, False, False]",0,0,0,0,0,0
150,7,"""OBSERVATION""",,1541939044,913137003,"""beginner_tired_collaborative.POMDPx""","[True, True, False, False, False, True]",1,1,0,0,0,1
151,1,"""OBSERVATION""",,1541939064,396472180,"""distracted_noncollaborative.POMDPx""","[True, True, False, False, False, True]",1,1,0,0,0,1
151,2,"""OBSERVATION""",,1541939069,346411990,"""distracted_noncollaborative.POMDPx""","[True, True, False, False, False, True]",1,1,0,0,0,1
151,3,"""OBSERVATION""",,1541939074,29708614,"""distracted_noncollaborative.POMDPx""","[True, True, False, False, False, True]",1,1,0,0,0,1
151,4,"""OBSERVATION""",,1541939085,79699042,"""distracted_noncollaborative.POMDPx""","[True, False, True, False, False, False]",1,0,1,0,0,0
152,1,"""OBSERVATION""",,1541939108,79757403,"""distracted_noncollaborative.POMDPx""","[True, False, True, False, False, False]",1,0,1,0,0,0
153,1,"""OBSERVATION""",,1541939128,813011648,"""distracted_noncollaborative.POMDPx""","[True, True, False, False, False, True]",1,1,0,0,0,1
153,2,"""OBSERVATION""",,1541939148,146407746,"""distracted_noncollaborative.POMDPx""","[True, False, False, True, False, False]",1,0,0,1,0,0
153,3,"""OBSERVATION""",,1541939153,213194639,"""distracted_noncollaborative.POMDPx""","[True, False, False, True, False, False]",1,0,0,1,0,0
153,4,"""OBSERVATION""",,1541939161,913080938,"""distracted_noncollaborative.POMDPx""","[True, True, False, False, False, True]",1,1,0,0,0,1
153,5,"""OBSERVATION""",,1541939166,246492944,"""distracted_noncollaborative.POMDPx""","[True, True, False, False, True, False]",1,1,0,0,1,0
154,1,"""OBSERVATION""",,1541939193,863040696,"""distracted_noncollaborative.POMDPx""","[True, True, False, False, False, True]",1,1,0,0,0,1
154,2,"""OBSERVATION""",,1541939198,763070088,"""distracted_noncollaborative.POMDPx""","[True, True, False, False, False, True]",1,1,0,0,0,1
154,3,"""OBSERVATION""",,1541939203,463105343,"""distracted_noncollaborative.POMDPx""","[True, True, False, False, False, True]",1,1,0,0,0,1
154,4,"""OBSERVATION""",,1541939208,846382042,"""distracted_noncollaborative.POMDPx""","[True, True, False, False, False, True]",1,1,0,0,0,1
154,5,"""OBSERVATION""",,1541939213,863042752,"""distracted_noncollaborative.POMDPx""","[True, True, False, False, False, True]",1,1,0,0,0,1
154,6,"""OBSERVATION""",,1541939218,813063477,"""distracted_noncollaborative.POMDPx""","[True, True, False, False, False, True]",1,1,0,0,0,1
154,7,"""OBSERVATION""",,1541939223,796433816,"""distracted_noncollaborative.POMDPx""","[True, True, False, False, False, True]",1,1,0,0,0,1
154,8,"""OBSERVATION""",,1541939232,313051431,"""distracted_noncollaborative.POMDPx""","[True, True, False, False, False, True]",1,1,0,0,0,1
155,0,"""OBSERVATION""",,1541939259,396405543,"""distracted_noncollaborative.POMDPx""","[True, False, False, False, False, True]",1,0,0,0,0,1
155,1,"""OBSERVATION""",,1541939269,563077983,"""distracted_noncollaborative.POMDPx""","[True, False, True, False, False, False]",1,0,1,0,0,0
156,0,"""OBSERVATION""",,1541939288,979728754,"""distracted_noncollaborative.POMDPx""","[True, True, False, False, False, True]",1,1,0,0,0,1
156,1,"""OBSERVATION""",,1541939293,579693776,"""distracted_noncollaborative.POMDPx""","[True, True, False, False, False, True]",1,1,0,0,0,1
156,2,"""OBSERVATION""",,1541939297,847019633,"""distracted_noncollaborative.POMDPx""","[True, True, False, False, False, True]",1,1,0,0,0,1
156,3,"""OBSERVATION""",,1541939313,279679890,"""distracted_noncollaborative.POMDPx""","[True, False, True, False, False, False]",1,0,1,0,0,0
157,1,"""OBSERVATION""",,1541939333,629692848,"""distracted_noncollaborative.POMDPx""","[True, True, False, False, False, True]",1,1,0,0,0,1
157,2,"""OBSERVATION""",,1541939338,313613876,"""distracted_noncollaborative.POMDPx""","[True, True, False, False, False, True]",1,1,0,0,0,1
157,3,"""OBSERVATION""",,1541939343,296468330,"""distracted_noncollaborative.POMDPx""","[True, True, False, False, False, True]",1,1,0,0,0,1
157,4,"""OBSERVATION""",,1541939347,830156598,"""distracted_noncollaborative.POMDPx""","[True, True, False, False, False, True]",1,1,0,0,0,1
157,5,"""OBSERVATION""",,1541939358,946432535,"""distracted_noncollaborative.POMDPx""","[True, False, True, False, False, False]",1,0,1,0,0,0
158,1,"""OBSERVATION""",,1541939379,913149920,"""distracted_noncollaborative.POMDPx""","[True, True, False, False, False, True]",1,1,0,0,0,1
158,2,"""OBSERVATION""",,1541939384,713183441,"""distracted_noncollaborative.POMDPx""","[True, True, False, False, False, True]",1,1,0,0,0,1
158,3,"""OBSERVATION""",,1541939389,346432159,"""distracted_noncollaborative.POMDPx""","[True, True, False, False, False, True]",1,1,0,0,0,1
158,4,"""OBSERVATION""",,1541939394,329742146,"""distracted_noncollaborative.POMDPx""","[True, True, False, False, False, True]",1,1,0,0,0,1
158,5,"""OBSERVATION""",,1541939399,346429187,"""distracted_noncollaborative.POMDPx""","[True, True, False, False, False, True]",1,1,0,0,0,1
158,6,"""OBSERVATION""",,1541939414,679690966,"""distracted_noncollaborative.POMDPx""","[True, False, False, True, False, False]",1,0,0,1,0,0
158,7,"""OBSERVATION""",,1541939432,46391890,"""distracted_noncollaborative.POMDPx""","[True, True, False, False, False, True]",1,1,0,0,0,1
159,1,"""OBSERVATION""",,1541939455,879915336,"""distracted_noncollaborative.POMDPx""","[True, True, False, False, False, True]",1,1,0,0,0,1
159,2,"""OBSERVATION""",,1541939460,496395766,"""distracted_noncollaborative.POMDPx""","[True, True, False, False, False, True]",1,1,0,0,0,1
159,3,"""OBSERVATION""",,1541939465,313154007,"""distracted_noncollaborative.POMDPx""","[True, True, False, False, False, True]",1,1,0,0,0,1
159,4,"""OBSERVATION""",,1541939480,696367486,"""distracted_noncollaborative.POMDPx""","[True, False, True, False, False, False]",1,0,1,0,0,0
160,1,"""OBSERVATION""",,1541939508,13062353,"""distracted_noncollaborative.POMDPx""","[True, False, False, True, False, False]",1,0,0,1,0,0
160,2,"""OBSERVATION""",,1541939512,880296875,"""distracted_noncollaborative.POMDPx""","[True, False, False, True, False, False]",1,0,0,1,0,0
160,3,"""OBSERVATION""",,1541939524,446426890,"""distracted_noncollaborative.POMDPx""","[True, False, True, False, False, False]",1,0,1,0,0,0
161,1,"""OBSERVATION""",,1541939548,146361521,"""distracted_noncollaborative.POMDPx""","[True, False, True, False, False, False]",1,0,1,0,0,0
162,1,"""OBSERVATION""",,1541939568,396438390,"""distracted_noncollaborative.POMDPx""","[True, True, False, False, False, True]",1,1,0,0,0,1
162,2,"""OBSERVATION""",,1541939573,563094801,"""distracted_noncollaborative.POMDPx""","[True, True, False, False, False, True]",1,1,0,0,0,1
162,3,"""OBSERVATION""",,1541939578,513054263,"""distracted_noncollaborative.POMDPx""","[True, True, False, False, False, True]",1,1,0,0,0,1
162,4,"""OBSERVATION""",,1541939587,79722981,"""distracted_noncollaborative.POMDPx""","[True, True, False, False, False, True]",1,1,0,0,0,1
162,5,"""OBSERVATION""",,1541939601,979757692,"""distracted_noncollaborative.POMDPx""","[True, False, True, False, False, False]",1,0,1,0,0,0
163,1,"""OBSERVATION""",,1541939625,813083074,"""distracted_noncollaborative.POMDPx""","[True, False, True, False, False, False]",1,0,1,0,0,0
164,1,"""OBSERVATION""",,1541939649,196371212,"""distracted_noncollaborative.POMDPx""","[True, False, True, False, False, False]",1,0,1,0,0,0
165,0,"""OBSERVATION""",,1541939665,229738247,"""distracted_noncollaborative.POMDPx""","[True, False, False, False, False, True]",1,0,0,0,0,1
165,1,"""OBSERVATION""",,1541939680,163063270,"""distracted_noncollaborative.POMDPx""","[True, False, True, False, False, False]",1,0,1,0,0,0
166,0,"""OBSERVATION""",,1541939699,229815635,"""distracted_noncollaborative.POMDPx""","[True, True, False, False, False, True]",1,1,0,0,0,1
166,1,"""OBSERVATION""",,1541939703,696385577,"""distracted_noncollaborative.POMDPx""","[True, False, False, False, False, True]",1,0,0,0,0,1
166,2,"""OBSERVATION""",,1541939707,963258949,"""distracted_noncollaborative.POMDPx""","[True, False, False, False, True, False]",1,0,0,0,1,0
166,3,"""OBSERVATION""",,1541939715,779769305,"""distracted_noncollaborative.POMDPx""","[True, False, False, False, False, True]",1,0,0,0,0,1
167,1,"""OBSERVATION""",,1541939732,813038084,"""distracted_noncollaborative.POMDPx""","[True, False, False, False, False, True]",1,0,0,0,0,1
167,2,"""OBSERVATION""",,1541939747,848211933,"""distracted_noncollaborative.POMDPx""","[True, False, True, False, False, False]",1,0,1,0,0,0
168,1,"""OBSERVATION""",,1541939772,63091469,"""distracted_noncollaborative.POMDPx""","[True, False, True, False, False, False]",1,0,1,0,0,0
169,1,"""OBSERVATION""",,1541939795,896470792,"""distracted_noncollaborative.POMDPx""","[True, False, True, False, False, False]",1,0,1,0,0,0
170,1,"""OBSERVATION""",,1541939821,379704150,"""distracted_noncollaborative.POMDPx""","[True, True, False, False, False, True]",1,1,0,0,0,1
170,2,"""OBSERVATION""",,1541939826,546408020,"""distracted_noncollaborative.POMDPx""","[True, True, False, False, False, True]",1,1,0,0,0,1
170,3,"""OBSERVATION""",,1541939830,913476392,"""distracted_noncollaborative.POMDPx""","[True, True, False, False, False, True]",1,1,0,0,0,1
170,4,"""OBSERVATION""",,1541939846,229751730,"""distracted_noncollaborative.POMDPx""","[True, False, True, False, False, False]",1,0,1,0,0,0
171,1,"""OBSERVATION""",,1541939867,379761305,"""distracted_noncollaborative.POMDPx""","[True, True, False, False, False, True]",1,1,0,0,0,1
171,2,"""OBSERVATION""",,1541939872,663225697,"""distracted_noncollaborative.POMDPx""","[True, True, False, False, False, True]",1,1,0,0,0,1
171,3,"""OBSERVATION""",,1541939877,729751851,"""distracted_noncollaborative.POMDPx""","[True, True, False, False, False, True]",1,1,0,0,0,1
171,4,"""OBSERVATION""",,1541939889,163010663,"""distracted_noncollaborative.POMDPx""","[True, False, True, False, False, False]",1,0,1,0,0,0
172,1,"""OBSERVATION""",,1541939912,446459103,"""distracted_noncollaborative.POMDPx""","[True, False, True, False, False, False]",1,0,1,0,0,0
173,1,"""OBSERVATION""",,1541939935,980115033,"""distracted_noncollaborative.POMDPx""","[True, False, True, False, False, False]",1,0,1,0,0,0
174,1,"""OBSERVATION""",,1541939959,663181115,"""distracted_noncollaborative.POMDPx""","[True, False, True, False, False, False]",1,0,1,0,0,0
175,0,"""OBSERVATION""",,1541939975,263037716,"""distracted_noncollaborative.POMDPx""","[True, False, False, False, False, True]",1,0,0,0,0,1
175,1,"""OBSERVATION""",,1541939980,429721553,"""distracted_noncollaborative.POMDPx""","[True, False, False, False, False, True]",1,0,0,0,0,1
175,2,"""OBSERVATION""",,1541939994,96427272,"""distracted_noncollaborative.POMDPx""","[True, False, False, True, False, False]",1,0,0,1,0,0
175,3,"""OBSERVATION""",,1541939998,29950757,"""distracted_noncollaborative.POMDPx""","[True, False, False, True, True, False]",1,0,0,1,1,0
175,4,"""OBSERVATION""",,1541940003,229739544,"""distracted_noncollaborative.POMDPx""","[True, False, False, False, False, True]",1,0,0,0,0,1
175,5,"""OBSERVATION""",,1541940007,329802818,"""distracted_noncollaborative.POMDPx""","[True, False, False, False, True, False]",1,0,0,0,1,0
175,6,"""OBSERVATION""",,1541940015,113041937,"""distracted_noncollaborative.POMDPx""","[True, False, False, False, False, True]",1,0,0,0,0,1
175,7,"""OBSERVATION""",,1541940028,629722462,"""distracted_noncollaborative.POMDPx""","[True, False, False, False, False, True]",1,0,0,0,0,1
176,1,"""OBSERVATION""",,1541940052,579715024,"""distracted_noncollaborative.POMDPx""","[True, False, True, False, False, False]",1,0,1,0,0,0
177,1,"""OBSERVATION""",,1541940073,379660779,"""distracted_noncollaborative.POMDPx""","[True, True, False, False, False, True]",1,1,0,0,0,1
177,2,"""OBSERVATION""",,1541940077,896390800,"""distracted_noncollaborative.POMDPx""","[True, True, False, False, False, True]",1,1,0,0,0,1
177,3,"""OBSERVATION""",,1541940083,29734576,"""distracted_noncollaborative.POMDPx""","[True, True, False, False, False, True]",1,1,0,0,0,1
177,4,"""OBSERVATION""",,1541940087,363233987,"""distracted_noncollaborative.POMDPx""","[True, True, False, False, True, False]",1,1,0,0,1,0
177,5,"""OBSERVATION""",,1541940095,179735268,"""distracted_noncollaborative.POMDPx""","[True, False, False, False, False, True]",1,0,0,0,0,1
178,1,"""OBSERVATION""",,1541940115,263115312,"""distracted_noncollaborative.POMDPx""","[True, True, False, False, False, True]",1,1,0,0,0,1
178,2,"""OBSERVATION""",,1541940120,279715568,"""distracted_noncollaborative.POMDPx""","[True, True, False, False, False, True]",1,1,0,0,0,1
178,3,"""OBSERVATION""",,1541940125,379701683,"""distracted_noncollaborative.POMDPx""","[True, True, False, False, False, True]",1,1,0,0,0,1
178,4,"""OBSERVATION""",,1541940130,729696698,"""distracted_noncollaborative.POMDPx""","[True, True, False, False, False, True]",1,1,0,0,0,1
178,5,"""OBSERVATION""",,1541940141,713088189,"""distracted_noncollaborative.POMDPx""","[True, False, True, False, False, False]",1,0,1,0,0,0
179,0,"""OBSERVATION""",,1541940158,63097567,"""distracted_noncollaborative.POMDPx""","[True, False, False, False, False, True]",1,0,0,0,0,1
179,1,"""OBSERVATION""",,1541940166,829710581,"""distracted_noncollaborative.POMDPx""","[True, False, False, False, False, True]",1,0,0,0,0,1
179,2,"""OBSERVATION""",,1541940171,280223545,"""distracted_noncollaborative.POMDPx""","[True, False, False, False, True, False]",1,0,0,0,1,0
179,3,"""OBSERVATION""",,1541940180,613559094,"""distracted_noncollaborative.POMDPx""","[True, False, False, False, False, True]",1,0,0,0,0,1
179,4,"""OBSERVATION""",,1541940188,663077388,"""distracted_noncollaborative.POMDPx""","[True, False, False, False, True, False]",1,0,0,0,1,0
179,5,"""OBSERVATION""",,1541940193,363106353,"""distracted_noncollaborative.POMDPx""","[True, False, False, False, False, True]",1,0,0,0,0,1
179,6,"""OBSERVATION""",,1541940197,229877700,"""distracted_noncollaborative.POMDPx""","[True, False, False, False, True, False]",1,0,0,0,1,0
180,0,"""OBSERVATION""",,1541940222,579729070,"""distracted_noncollaborative.POMDPx""","[True, False, False, False, False, True]",1,0,0,0,0,1
180,1,"""OBSERVATION""",,1541940237,313054049,"""distracted_noncollaborative.POMDPx""","[True, False, False, True, False, False]",1,0,0,1,0,0
180,2,"""OBSERVATION""",,1541940246,63074255,"""distracted_noncollaborative.POMDPx""","[True, True, False, False, False, True]",1,1,0,0,0,1
180,3,"""OBSERVATION""",,1541940260,513632939,"""distracted_noncollaborative.POMDPx""","[True, False, True, False, False, False]",1,0,1,0,0,0
181,1,"""OBSERVATION""",,1541940287,979771994,"""beginner_tired_noncollaborative.POMDPx""","[True, False, False, True, False, False]",1,0,0,1,0,0
181,2,"""OBSERVATION""",,1541940298,279725572,"""beginner_tired_noncollaborative.POMDPx""","[True, False, False, False, False, True]",1,0,0,0,0,1
181,3,"""OBSERVATION""",,1541940302,929719248,"""beginner_tired_noncollaborative.POMDPx""","[True, False, False, False, False, True]",1,0,0,0,0,1
181,4,"""OBSERVATION""",,1541940307,463109106,"""beginner_tired_noncollaborative.POMDPx""","[True, False, False, False, True, False]",1,0,0,0,1,0
181,5,"""OBSERVATION""",,1541940315,429833647,"""beginner_tired_noncollaborative.POMDPx""","[True, False, False, False, False, True]",1,0,0,0,0,1
182,1,"""OBSERVATION""",,1541940351,796434606,"""beginner_tired_noncollaborative.POMDPx""","[True, False, False, True, False, False]",1,0,0,1,0,0
182,2,"""OBSERVATION""",,1541940357,663116371,"""beginner_tired_noncollaborative.POMDPx""","[True, False, False, False, False, True]",1,0,0,0,0,1
182,3,"""OBSERVATION""",,1541940361,879815721,"""beginner_tired_noncollaborative.POMDPx""","[True, False, False, False, False, True]",1,0,0,0,0,1
182,4,"""OBSERVATION""",,1541940366,146455329,"""beginner_tired_noncollaborative.POMDPx""","[True, False, False, False, True, False]",1,0,0,0,1,0
182,5,"""OBSERVATION""",,1541940371,96367061,"""beginner_tired_noncollaborative.POMDPx""","[True, False, False, False, False, True]",1,0,0,0,0,1
182,6,"""OBSERVATION""",,1541940375,713090191,"""beginner_tired_noncollaborative.POMDPx""","[True, False, False, False, True, False]",1,0,0,0,1,0
183,1,"""OBSERVATION""",,1541940416,363105787,"""beginner_tired_noncollaborative.POMDPx""","[True, False, False, True, False, False]",1,0,0,1,0,0
183,2,"""OBSERVATION""",,1541940422,313076904,"""beginner_tired_noncollaborative.POMDPx""","[True, False, False, False, False, True]",1,0,0,0,0,1
183,3,"""OBSERVATION""",,1541940426,896410233,"""beginner_tired_noncollaborative.POMDPx""","[True, False, False, False, True, False]",1,0,0,0,1,0
183,4,"""OBSERVATION""",,1541940434,746436456,"""beginner_tired_noncollaborative.POMDPx""","[True, False, False, False, False, True]",1,0,0,0,0,1
184,1,"""OBSERVATION""",,1541940461,479720531,"""beginner_tired_noncollaborative.POMDPx""","[True, False, False, True, False, False]",1,0,0,1,0,0
184,2,"""OBSERVATION""",,1541940467,463035573,"""beginner_tired_noncollaborative.POMDPx""","[True, False, False, False, False, True]",1,0,0,0,0,1
184,3,"""OBSERVATION""",,1541940472,63067325,"""beginner_tired_noncollaborative.POMDPx""","[True, False, False, False, True, False]",1,0,0,0,1,0
184,4,"""OBSERVATION""",,1541940479,663773169,"""beginner_tired_noncollaborative.POMDPx""","[True, False, False, False, False, True]",1,0,0,0,0,1
185,1,"""OBSERVATION""",,1541940505,796382089,"""beginner_tired_noncollaborative.POMDPx""","[True, False, False, True, False, False]",1,0,0,1,0,0
185,2,"""OBSERVATION""",,1541940511,446340725,"""beginner_tired_noncollaborative.POMDPx""","[True, False, False, False, False, True]",1,0,0,0,0,1
185,3,"""OBSERVATION""",,1541940516,96464451,"""beginner_tired_noncollaborative.POMDPx""","[True, False, False, False, False, True]",1,0,0,0,0,1
185,4,"""OBSERVATION""",,1541940520,913540415,"""beginner_tired_noncollaborative.POMDPx""","[True, False, False, False, True, False]",1,0,0,0,1,0
185,5,"""OBSERVATION""",,1541940525,646442263,"""beginner_tired_noncollaborative.POMDPx""","[True, False, False, False, False, True]",1,0,0,0,0,1
186,1,"""OBSERVATION""",,1541940552,179761723,"""beginner_tired_noncollaborative.POMDPx""","[True, False, False, True, False, False]",1,0,0,1,0,0
186,2,"""OBSERVATION""",,1541940557,463093606,"""beginner_tired_noncollaborative.POMDPx""","[True, False, False, False, False, True]",1,0,0,0,0,1
186,3,"""OBSERVATION""",,1541940562,246854322,"""beginner_tired_noncollaborative.POMDPx""","[True, False, False, False, False, True]",1,0,0,0,0,1
186,4,"""OBSERVATION""",,1541940566,713669998,"""beginner_tired_noncollaborative.POMDPx""","[True, False, False, False, True, False]",1,0,0,0,1,0
186,5,"""OBSERVATION""",,1541940574,479771800,"""beginner_tired_noncollaborative.POMDPx""","[True, False, False, False, False, True]",1,0,0,0,0,1
187,1,"""OBSERVATION""",,1541940591,813050204,"""beginner_tired_noncollaborative.POMDPx""","[True, False, False, False, False, True]",1,0,0,0,0,1
187,2,"""OBSERVATION""",,1541940596,846524350,"""beginner_tired_noncollaborative.POMDPx""","[True, False, False, False, False, True]",1,0,0,0,0,1
187,3,"""OBSERVATION""",,1541940611,63062401,"""beginner_tired_noncollaborative.POMDPx""","[True, False, False, True, False, False]",1,0,0,1,0,0
187,4,"""OBSERVATION""",,1541940616,429836243,"""beginner_tired_noncollaborative.POMDPx""","[True, False, False, False, False, True]",1,0,0,0,0,1
187,5,"""OBSERVATION""",,1541940621,246371813,"""beginner_tired_noncollaborative.POMDPx""","[True, False, False, False, False, True]",1,0,0,0,0,1
187,6,"""OBSERVATION""",,1541940626,246341734,"""beginner_tired_noncollaborative.POMDPx""","[True, False, False, False, True, False]",1,0,0,0,1,0
187,7,"""OBSERVATION""",,1541940631,263235594,"""beginner_tired_noncollaborative.POMDPx""","[True, False, False, False, False, True]",1,0,0,0,0,1
188,1,"""OBSERVATION""",,1541940660,946431053,"""beginner_tired_noncollaborative.POMDPx""","[True, False, False, False, False, True]",1,0,0,0,0,1
188,2,"""OBSERVATION""",,1541940665,113083534,"""beginner_tired_noncollaborative.POMDPx""","[False, True, False, False, False, False]",0,1,0,0,0,0
188,3,"""OBSERVATION""",,1541940669,796385881,"""beginner_tired_noncollaborative.POMDPx""","[False, True, False, False, False, False]",0,1,0,0,0,0
188,4,"""OBSERVATION""",,1541940674,563109216,"""beginner_tired_noncollaborative.POMDPx""","[False, True, False, False, False, False]",0,1,0,0,0,0
188,5,"""OBSERVATION""",,1541940678,746843362,"""beginner_tired_noncollaborative.POMDPx""","[False, True, False, False, False, False]",0,1,0,0,0,0
188,6,"""OBSERVATION""",,1541940683,231987954,"""beginner_tired_noncollaborative.POMDPx""","[False, True, False, False, False, False]",0,1,0,0,0,0
189,1,"""OBSERVATION""",,1541940706,29665079,"""beginner_tired_noncollaborative.POMDPx""","[True, False, False, False, False, True]",1,0,0,0,0,1
189,2,"""OBSERVATION""",,1541940724,913249573,"""beginner_tired_noncollaborative.POMDPx""","[True, False, False, True, False, False]",1,0,0,1,0,0
189,3,"""OBSERVATION""",,1541940730,746422111,"""beginner_tired_noncollaborative.POMDPx""","[True, False, False, False, False, True]",1,0,0,0,0,1
189,4,"""OBSERVATION""",,1541940735,596384977,"""beginner_tired_noncollaborative.POMDPx""","[True, False, False, False, False, True]",1,0,0,0,0,1
189,5,"""OBSERVATION""",,1541940743,146383511,"""beginner_tired_noncollaborative.POMDPx""","[True, False, False, False, False, True]",1,0,0,0,0,1
190,1,"""OBSERVATION""",,1541940769,513087504,"""beginner_tired_noncollaborative.POMDPx""","[True, False, False, False, False, True]",1,0,0,0,0,1
190,2,"""OBSERVATION""",,1541940774,696442474,"""beginner_tired_noncollaborative.POMDPx""","[True, False, False, False, False, True]",1,0,0,0,0,1
190,3,"""OBSERVATION""",,1541940779,329877121,"""beginner_tired_noncollaborative.POMDPx""","[True, False, False, False, True, False]",1,0,0,0,1,0
190,4,"""OBSERVATION""",,1541940784,463092932,"""beginner_tired_noncollaborative.POMDPx""","[True, False, False, False, False, True]",1,0,0,0,0,1
190,5,"""OBSERVATION""",,1541940792,13066830,"""beginner_tired_noncollaborative.POMDPx""","[True, False, False, False, False, True]",1,0,0,0,0,1
191,0,"""OBSERVATION""",,1541940806,564804586,"""beginner_tired_noncollaborative.POMDPx""","[True, False, False, False, False, True]",1,0,0,0,0,1
191,1,"""OBSERVATION""",,1541940820,679717583,"""beginner_tired_noncollaborative.POMDPx""","[True, False, False, True, False, False]",1,0,0,1,0,0
191,2,"""OBSERVATION""",,1541940826,379873655,"""beginner_tired_noncollaborative.POMDPx""","[True, False, False, False, False, True]",1,0,0,0,0,1
191,3,"""OBSERVATION""",,1541940840,763095613,"""beginner_tired_noncollaborative.POMDPx""","[True, False, False, True, False, False]",1,0,0,1,0,0
191,4,"""OBSERVATION""",,1541940846,763070735,"""beginner_tired_noncollaborative.POMDPx""","[True, False, False, False, False, True]",1,0,0,0,0,1
191,5,"""OBSERVATION""",,1541940859,763173038,"""beginner_tired_noncollaborative.POMDPx""","[True, False, False, False, False, True]",1,0,0,0,0,1
192,1,"""OBSERVATION""",,1541940882,848066132,"""beginner_tired_noncollaborative.POMDPx""","[True, False, True, False, False, False]",1,0,1,0,0,0
193,1,"""OBSERVATION""",,1541940905,896391332,"""beginner_tired_noncollaborative.POMDPx""","[True, False, True, False, False, False]",1,0,1,0,0,0
194,1,"""OBSERVATION""",,1541940923,413009920,"""beginner_tired_noncollaborative.POMDPx""","[True, False, False, False, False, True]",1,0,0,0,0,1
194,2,"""OBSERVATION""",,1541940942,246400630,"""beginner_tired_noncollaborative.POMDPx""","[True, False, False, True, False, False]",1,0,0,1,0,0
194,3,"""OBSERVATION""",,1541940947,863078446,"""beginner_tired_noncollaborative.POMDPx""","[True, False, False, False, False, True]",1,0,0,0,0,1
194,4,"""OBSERVATION""",,1541940952,579698179,"""beginner_tired_noncollaborative.POMDPx""","[True, False, False, False, False, True]",1,0,0,0,0,1
194,5,"""OBSERVATION""",,1541940957,313077445,"""beginner_tired_noncollaborative.POMDPx""","[True, False, False, False, False, True]",1,0,0,0,0,1
194,6,"""OBSERVATION""",,1541940961,963069271,"""beginner_tired_noncollaborative.POMDPx""","[True, False, False, False, True, False]",1,0,0,0,1,0
194,7,"""OBSERVATION""",,1541940984,496360596,"""beginner_tired_noncollaborative.POMDPx""","[True, False, False, True, False, False]",1,0,0,1,0,0
195,1,"""OBSERVATION""",,1541941006,513070594,"""beginner_tired_noncollaborative.POMDPx""","[True, False, False, False, False, True]",1,0,0,0,0,1
195,2,"""OBSERVATION""",,1541941021,513056662,"""beginner_tired_noncollaborative.POMDPx""","[True, False, True, False, False, False]",1,0,1,0,0,0
196,1,"""OBSERVATION""",,1541941049,63056864,"""beginner_tired_noncollaborative.POMDPx""","[True, False, False, True, False, False]",1,0,0,1,0,0
196,2,"""OBSERVATION""",,1541941058,613067927,"""beginner_tired_noncollaborative.POMDPx""","[True, False, False, False, False, True]",1,0,0,0,0,1
196,3,"""OBSERVATION""",,1541941063,529703447,"""beginner_tired_noncollaborative.POMDPx""","[True, False, False, False, False, True]",1,0,0,0,0,1
196,4,"""OBSERVATION""",,1541941071,879712887,"""beginner_tired_noncollaborative.POMDPx""","[True, False, False, False, True, False]",1,0,0,0,1,0
196,5,"""OBSERVATION""",,1541941076,529726464,"""beginner_tired_noncollaborative.POMDPx""","[True, False, False, False, False, True]",1,0,0,0,0,1
196,6,"""OBSERVATION""",,1541941080,796616490,"""beginner_tired_noncollaborative.POMDPx""","[True, False, False, False, True, False]",1,0,0,0,1,0
197,1,"""OBSERVATION""",,1541941108,996362379,"""beginner_tired_noncollaborative.POMDPx""","[True, False, False, False, False, True]",1,0,0,0,0,1
197,2,"""OBSERVATION""",,1541941127,713053615,"""beginner_tired_noncollaborative.POMDPx""","[True, False, False, True, False, False]",1,0,0,1,0,0
197,3,"""OBSERVATION""",,1541941133,563116650,"""beginner_tired_noncollaborative.POMDPx""","[True, False, False, False, False, True]",1,0,0,0,0,1
197,4,"""OBSERVATION""",,1541941138,363081832,"""beginner_tired_noncollaborative.POMDPx""","[True, False, False, False, False, True]",1,0,0,0,0,1
197,5,"""OBSERVATION""",,1541941142,780174089,"""beginner_tired_noncollaborative.POMDPx""","[True, False, False, False, False, True]",1,0,0,0,0,1
197,6,"""OBSERVATION""",,1541941147,429787305,"""beginner_tired_noncollaborative.POMDPx""","[True, False, False, False, True, False]",1,0,0,0,1,0
197,7,"""OBSERVATION""",,1541941164,246426923,"""beginner_tired_noncollaborative.POMDPx""","[True, False, False, False, False, True]",1,0,0,0,0,1
198,1,"""OBSERVATION""",,1541941181,196329700,"""beginner_tired_noncollaborative.POMDPx""","[True, False, False, False, False, True]",1,0,0,0,0,1
198,2,"""OBSERVATION""",,1541941200,29708372,"""beginner_tired_noncollaborative.POMDPx""","[True, False, False, True, False, False]",1,0,0,1,0,0
198,3,"""OBSERVATION""",,1541941205,613135817,"""beginner_tired_noncollaborative.POMDPx""","[True, False, False, False, False, True]",1,0,0,0,0,1
198,4,"""OBSERVATION""",,1541941210,546475927,"""beginner_tired_noncollaborative.POMDPx""","[True, False, False, False, False, True]",1,0,0,0,0,1
198,5,"""OBSERVATION""",,1541941214,896952120,"""beginner_tired_noncollaborative.POMDPx""","[True, False, False, False, True, False]",1,0,0,0,1,0
198,6,"""OBSERVATION""",,1541941220,146368400,"""beginner_tired_noncollaborative.POMDPx""","[True, False, False, False, False, True]",1,0,0,0,0,1
198,7,"""OBSERVATION""",,1541941235,713539156,"""beginner_tired_noncollaborative.POMDPx""","[True, False, False, False, False, True]",1,0,0,0,0,1
199,1,"""OBSERVATION""",,1541941262,179736109,"""beginner_tired_noncollaborative.POMDPx""","[True, False, False, True, False, False]",1,0,0,1,0,0
199,2,"""OBSERVATION""",,1541941267,829709541,"""beginner_tired_noncollaborative.POMDPx""","[True, False, False, False, False, True]",1,0,0,0,0,1
199,3,"""OBSERVATION""",,1541941282,563064136,"""beginner_tired_noncollaborative.POMDPx""","[True, False, False, True, False, False]",1,0,0,1,0,0
199,4,"""OBSERVATION""",,1541941288,113090391,"""beginner_tired_noncollaborative.POMDPx""","[True, False, False, False, False, True]",1,0,0,0,0,1
199,5,"""OBSERVATION""",,1541941304,29766135,"""beginner_tired_noncollaborative.POMDPx""","[True, False, False, False, True, False]",1,0,0,0,1,0
200,1,"""OBSERVATION""",,1541941324,979734135,"""beginner_tired_noncollaborative.POMDPx""","[True, False, False, False, False, True]",1,0,0,0,0,1
200,2,"""OBSERVATION""",,1541941339,529832441,"""beginner_tired_noncollaborative.POMDPx""","[True, False, False, True, False, False]",1,0,0,1,0,0
200,3,"""OBSERVATION""",,1541941349,346345948,"""beginner_tired_noncollaborative.POMDPx""","[True, False, False, False, False, True]",1,0,0,0,0,1
200,4,"""OBSERVATION""",,1541941358,263106244,"""beginner_tired_noncollaborative.POMDPx""","[True, False, False, False, False, True]",1,0,0,0,0,1
200,5,"""OBSERVATION""",,1541941362,396354209,"""beginner_tired_noncollaborative.POMDPx""","[True, False, False, False, True, False]",1,0,0,0,1,0
200,6,"""OBSERVATION""",,1541941370,329812642,"""beginner_tired_noncollaborative.POMDPx""","[True, False, False, False, False, True]",1,0,0,0,0,1
201,1,"""OBSERVATION""",,1541941390,280197888,"""beginner_tired_noncollaborative.POMDPx""","[True, False, False, False, False, True]",1,0,0,0,0,1
201,2,"""OBSERVATION""",,1541941395,529727437,"""beginner_tired_noncollaborative.POMDPx""","[True, False, False, False, False, True]",1,0,0,0,0,1
201,3,"""OBSERVATION""",,1541941400,229701459,"""beginner_tired_noncollaborative.POMDPx""","[True, False, False, False, False, True]",1,0,0,0,0,1
201,4,"""OBSERVATION""",,1541941405,163078778,"""beginner_tired_noncollaborative.POMDPx""","[True, False, False, False, False, True]",1,0,0,0,0,1
201,5,"""OBSERVATION""",,1541941409,963044071,"""beginner_tired_noncollaborative.POMDPx""","[True, False, False, False, False, True]",1,0,0,0,0,1
201,6,"""OBSERVATION""",,1541941414,346499341,"""beginner_tired_noncollaborative.POMDPx""","[True, False, False, False, True, False]",1,0,0,0,1,0
202,1,"""OBSERVATION""",,1541941431,279723588,"""beginner_tired_noncollaborative.POMDPx""","[True, False, False, False, False, True]",1,0,0,0,0,1
202,2,"""OBSERVATION""",,1541941436,363077382,"""beginner_tired_noncollaborative.POMDPx""","[True, False, False, False, False, True]",1,0,0,0,0,1
202,3,"""OBSERVATION""",,1541941440,546433948,"""beginner_tired_noncollaborative.POMDPx""","[True, False, False, False, True, False]",1,0,0,0,1,0
202,4,"""OBSERVATION""",,1541941445,29735862,"""beginner_tired_noncollaborative.POMDPx""","[True, False, False, False, False, True]",1,0,0,0,0,1
203,1,"""OBSERVATION""",,1541941466,713080952,"""beginner_tired_noncollaborative.POMDPx""","[True, False, False, False, False, True]",1,0,0,0,0,1
203,2,"""OBSERVATION""",,1541941481,663047199,"""beginner_tired_noncollaborative.POMDPx""","[True, False, True, False, False, False]",1,0,1,0,0,0
204,1,"""OBSERVATION""",,1541941499,913130487,"""beginner_tired_noncollaborative.POMDPx""","[True, False, False, False, False, True]",1,0,0,0,0,1
204,2,"""OBSERVATION""",,1541941514,863069130,"""beginner_tired_noncollaborative.POMDPx""","[True, False, False, True, False, False]",1,0,0,1,0,0
204,3,"""OBSERVATION""",,1541941520,696412656,"""beginner_tired_noncollaborative.POMDPx""","[True, False, False, False, False, True]",1,0,0,0,0,1
204,4,"""OBSERVATION""",,1541941531,496350240,"""beginner_tired_noncollaborative.POMDPx""","[True, False, True, False, False, False]",1,0,1,0,0,0
205,1,"""OBSERVATION""",,1541941558,863056618,"""beginner_tired_noncollaborative.POMDPx""","[True, False, False, True, False, False]",1,0,0,1,0,0
205,2,"""OBSERVATION""",,1541941564,663043082,"""beginner_tired_noncollaborative.POMDPx""","[True, False, False, False, False, True]",1,0,0,0,0,1
205,3,"""OBSERVATION""",,1541941569,329752374,"""beginner_tired_noncollaborative.POMDPx""","[True, False, False, False, True, False]",1,0,0,0,1,0
205,4,"""OBSERVATION""",,1541941576,796415319,"""beginner_tired_noncollaborative.POMDPx""","[True, False, False, False, False, True]",1,0,0,0,0,1
206,1,"""OBSERVATION""",,1541941602,746508541,"""beginner_tired_noncollaborative.POMDPx""","[True, False, False, True, False, False]",1,0,0,1,0,0
206,2,"""OBSERVATION""",,1541941608,646401354,"""beginner_tired_noncollaborative.POMDPx""","[True, False, False, False, False, True]",1,0,0,0,0,1
206,3,"""OBSERVATION""",,1541941623,346422264,"""beginner_tired_noncollaborative.POMDPx""","[True, False, True, False, False, False]",1,0,1,0,0,0
207,1,"""OBSERVATION""",,1541941641,713025229,"""beginner_tired_noncollaborative.POMDPx""","[True, False, False, False, False, True]",1,0,0,0,0,1
207,2,"""OBSERVATION""",,1541941660,315522208,"""beginner_tired_noncollaborative.POMDPx""","[True, False, False, True, False, False]",1,0,0,1,0,0
207,3,"""OBSERVATION""",,1541941665,379716160,"""beginner_tired_noncollaborative.POMDPx""","[True, False, False, False, False, True]",1,0,0,0,0,1
207,4,"""OBSERVATION""",,1541941669,946460007,"""beginner_tired_noncollaborative.POMDPx""","[True, False, False, False, False, True]",1,0,0,0,0,1
207,5,"""OBSERVATION""",,1541941673,813521779,"""beginner_tired_noncollaborative.POMDPx""","[True, False, False, False, True, False]",1,0,0,0,1,0
207,6,"""OBSERVATION""",,1541941684,846382114,"""beginner_tired_noncollaborative.POMDPx""","[True, False, True, False, False, False]",1,0,1,0,0,0
208,1,"""OBSERVATION""",,1541941720,913070097,"""beginner_tired_noncollaborative.POMDPx""","[True, False, False, True, False, False]",1,0,0,1,0,0
208,2,"""OBSERVATION""",,1541941726,296419694,"""beginner_tired_noncollaborative.POMDPx""","[True, False, False, False, False, True]",1,0,0,0,0,1
208,3,"""OBSERVATION""",,1541941731,246430995,"""beginner_tired_noncollaborative.POMDPx""","[True, False, False, False, False, True]",1,0,0,0,0,1
208,4,"""OBSERVATION""",,1541941735,946437430,"""beginner_tired_noncollaborative.POMDPx""","[True, False, False, False, False, True]",1,0,0,0,0,1
208,5,"""OBSERVATION""",,1541941740,463072359,"""beginner_tired_noncollaborative.POMDPx""","[True, False, False, False, True, False]",1,0,0,0,1,0
208,6,"""OBSERVATION""",,1541941745,646432278,"""beginner_tired_noncollaborative.POMDPx""","[True, False, False, False, False, True]",1,0,0,0,0,1
209,1,"""OBSERVATION""",,1541941771,813093323,"""beginner_tired_noncollaborative.POMDPx""","[True, False, False, True, False, False]",1,0,0,1,0,0
209,2,"""OBSERVATION""",,1541941780,146413859,"""beginner_tired_noncollaborative.POMDPx""","[True, True, False, False, False, True]",1,1,0,0,0,1
209,3,"""OBSERVATION""",,1541941789,546430417,"""beginner_tired_noncollaborative.POMDPx""","[True, False, False, False, False, True]",1,0,0,0,0,1
209,4,"""OBSERVATION""",,1541941805,29787505,"""beginner_tired_noncollaborative.POMDPx""","[True, False, True, False, False, False]",1,0,1,0,0,0
210,0,"""OBSERVATION""",,1541941826,529847857,"""beginner_tired_noncollaborative.POMDPx""","[True, False, False, False, False, True]",1,0,0,0,0,1
210,1,"""OBSERVATION""",,1541941845,229728704,"""beginner_tired_noncollaborative.POMDPx""","[True, False, False, True, False, False]",1,0,0,1,0,0
210,2,"""OBSERVATION""",,1541941850,813046224,"""beginner_tired_noncollaborative.POMDPx""","[True, False, False, False, False, True]",1,0,0,0,0,1
210,3,"""OBSERVATION""",,1541941855,796368454,"""beginner_tired_noncollaborative.POMDPx""","[True, False, False, False, False, True]",1,0,0,0,0,1
210,4,"""OBSERVATION""",,1541941859,996408750,"""beginner_tired_noncollaborative.POMDPx""","[True, False, False, False, True, False]",1,0,0,0,1,0
210,5,"""OBSERVATION""",,1541941867,663270404,"""beginner_tired_noncollaborative.POMDPx""","[True, False, False, False, False, True]",1,0,0,0,0,1
211,1,"""OBSERVATION""",,1541941902,946390408,"""expert_nontired_collaborative.POMDPx""","[True, False, True, False, False, False]",1,0,1,0,0,0
212,1,"""OBSERVATION""",,1541941926,246516823,"""expert_nontired_collaborative.POMDPx""","[True, False, True, False, False, False]",1,0,1,0,0,0
213,1,"""OBSERVATION""",,1541941949,946383176,"""expert_nontired_collaborative.POMDPx""","[True, False, True, False, False, False]",1,0,1,0,0,0
214,1,"""OBSERVATION""",,1541941967,979790006,"""expert_nontired_collaborative.POMDPx""","[True, False, False, False, False, True]",1,0,0,0,0,1
214,2,"""OBSERVATION""",,1541941978,879705108,"""expert_nontired_collaborative.POMDPx""","[True, False, True, False, False, False]",1,0,1,0,0,0
215,1,"""OBSERVATION""",,1541941995,479713009,"""expert_nontired_collaborative.POMDPx""","[True, False, False, False, False, True]",1,0,0,0,0,1
215,2,"""OBSERVATION""",,1541942000,546563462,"""expert_nontired_collaborative.POMDPx""","[True, False, False, False, False, True]",1,0,0,0,0,1
215,3,"""OBSERVATION""",,1541942011,463113837,"""expert_nontired_collaborative.POMDPx""","[True, False, True, False, False, False]",1,0,1,0,0,0
216,1,"""OBSERVATION""",,1541942033,929742216,"""expert_nontired_collaborative.POMDPx""","[True, False, True, False, False, False]",1,0,1,0,0,0
217,1,"""OBSERVATION""",,1541942057,129692287,"""expert_nontired_collaborative.POMDPx""","[True, False, True, False, False, False]",1,0,1,0,0,0
218,1,"""OBSERVATION""",,1541942080,529725012,"""expert_nontired_collaborative.POMDPx""","[True, False, True, False, False, False]",1,0,1,0,0,0
219,1,"""OBSERVATION""",,1541942102,813491088,"""expert_nontired_collaborative.POMDPx""","[True, False, True, False, False, False]",1,0,1,0,0,0
220,1,"""OBSERVATION""",,1541942126,563047702,"""expert_nontired_collaborative.POMDPx""","[True, False, True, False, False, False]",1,0,1,0,0,0
221,1,"""OBSERVATION""",,1541942144,129728643,"""expert_nontired_collaborative.POMDPx""","[True, False, False, False, False, True]",1,0,0,0,0,1
221,2,"""OBSERVATION""",,1541942154,313139387,"""expert_nontired_collaborative.POMDPx""","[True, False, True, False, False, False]",1,0,1,0,0,0
222,1,"""OBSERVATION""",,1541942177,79809604,"""expert_nontired_collaborative.POMDPx""","[True, False, True, False, False, False]",1,0,1,0,0,0
223,1,"""OBSERVATION""",,1541942195,396368642,"""expert_nontired_collaborative.POMDPx""","[True, False, False, False, False, True]",1,0,0,0,0,1
223,2,"""OBSERVATION""",,1541942206,396373881,"""expert_nontired_collaborative.POMDPx""","[True, False, True, False, False, False]",1,0,1,0,0,0
224,1,"""OBSERVATION""",,1541942224,546463719,"""expert_nontired_collaborative.POMDPx""","[True, False, False, False, False, True]",1,0,0,0,0,1
224,2,"""OBSERVATION""",,1541942235,296596484,"""expert_nontired_collaborative.POMDPx""","[True, False, True, False, False, False]",1,0,1,0,0,0
225,1,"""OBSERVATION""",,1541942252,813017269,"""expert_nontired_collaborative.POMDPx""","[True, False, False, False, False, True]",1,0,0,0,0,1
225,2,"""OBSERVATION""",,1541942267,596342165,"""expert_nontired_collaborative.POMDPx""","[True, False, False, True, False, False]",1,0,0,1,0,0
225,3,"""OBSERVATION""",,1541942271,646415708,"""expert_nontired_collaborative.POMDPx""","[True, False, False, True, True, False]",1,0,0,1,1,0
225,4,"""OBSERVATION""",,1541942277,348147457,"""expert_nontired_collaborative.POMDPx""","[True, False, False, False, False, True]",1,0,0,0,0,1
225,5,"""OBSERVATION""",,1541942281,879737195,"""expert_nontired_collaborative.POMDPx""","[True, False, False, False, True, False]",1,0,0,0,1,0
225,6,"""OBSERVATION""",,1541942286,846371757,"""expert_nontired_collaborative.POMDPx""","[True, False, False, False, False, True]",1,0,0,0,0,1
225,7,"""OBSERVATION""",,1541942297,646378555,"""expert_nontired_collaborative.POMDPx""","[True, False, True, False, False, False]",1,0,1,0,0,0
226,1,"""OBSERVATION""",,1541942324,96368658,"""expert_nontired_collaborative.POMDPx""","[True, False, True, False, False, False]",1,0,1,0,0,0
227,1,"""OBSERVATION""",,1541942340,763063617,"""expert_nontired_collaborative.POMDPx""","[True, False, False, False, False, True]",1,0,0,0,0,1
227,2,"""OBSERVATION""",,1541942351,963101931,"""expert_nontired_collaborative.POMDPx""","[True, False, True, False, False, False]",1,0,1,0,0,0
228,1,"""OBSERVATION""",,1541942369,579735085,"""expert_nontired_collaborative.POMDPx""","[True, False, False, False, False, True]",1,0,0,0,0,1
228,2,"""OBSERVATION""",,1541942380,363097888,"""expert_nontired_collaborative.POMDPx""","[True, False, True, False, False, False]",1,0,1,0,0,0
229,1,"""OBSERVATION""",,1541942403,946385043,"""expert_nontired_collaborative.POMDPx""","[True, False, True, False, False, False]",1,0,1,0,0,0
230,1,"""OBSERVATION""",,1541942421,396414656,"""expert_nontired_collaborative.POMDPx""","[True, False, False, False, False, True]",1,0,0,0,0,1
230,2,"""OBSERVATION""",,1541942432,646396660,"""expert_nontired_collaborative.POMDPx""","[True, False, True, False, False, False]",1,0,1,0,0,0
231,1,"""OBSERVATION""",,1541942456,796430926,"""expert_nontired_collaborative.POMDPx""","[True, False, True, False, False, False]",1,0,1,0,0,0
232,1,"""OBSERVATION""",,1541942475,13037567,"""expert_nontired_collaborative.POMDPx""","[True, False, False, False, False, True]",1,0,0,0,0,1
232,2,"""OBSERVATION""",,1541942485,547023447,"""expert_nontired_collaborative.POMDPx""","[True, False, True, False, False, False]",1,0,1,0,0,0
233,1,"""OBSERVATION""",,1541942508,329735087,"""expert_nontired_collaborative.POMDPx""","[True, False, True, False, False, False]",1,0,1,0,0,0
234,1,"""OBSERVATION""",,1541942531,746400436,"""expert_nontired_collaborative.POMDPx""","[True, False, True, False, False, False]",1,0,1,0,0,0
235,1,"""OBSERVATION""",,1541942555,896366328,"""expert_nontired_collaborative.POMDPx""","[True, False, True, False, False, False]",1,0,1,0,0,0
236,1,"""OBSERVATION""",,1541942572,929745532,"""expert_nontired_collaborative.POMDPx""","[True, False, False, False, False, True]",1,0,0,0,0,1
236,2,"""OBSERVATION""",,1541942577,846387216,"""expert_nontired_collaborative.POMDPx""","[True, False, False, False, False, True]",1,0,0,0,0,1
236,3,"""OBSERVATION""",,1541942588,396523526,"""expert_nontired_collaborative.POMDPx""","[True, False, True, False, False, False]",1,0,1,0,0,0
237,1,"""OBSERVATION""",,1541942611,814875240,"""expert_nontired_collaborative.POMDPx""","[True, False, True, False, False, False]",1,0,1,0,0,0
238,1,"""OBSERVATION""",,1541942629,796383899,"""expert_nontired_collaborative.POMDPx""","[True, False, False, False, False, True]",1,0,0,0,0,1
238,2,"""OBSERVATION""",,1541942634,413069399,"""expert_nontired_collaborative.POMDPx""","[True, False, False, False, False, True]",1,0,0,0,0,1
238,3,"""OBSERVATION""",,1541942644,896374722,"""expert_nontired_collaborative.POMDPx""","[True, False, True, False, False, False]",1,0,1,0,0,0
239,1,"""OBSERVATION""",,1541942668,596406925,"""expert_nontired_collaborative.POMDPx""","[True, False, True, False, False, False]",1,0,1,0,0,0
240,1,"""OBSERVATION""",,1541942692,346404597,"""expert_nontired_collaborative.POMDPx""","[True, False, True, False, False, False]",1,0,1,0,0,0
241,1,"""OBSERVATION""",,1541942719,613112852,"""beginner_nontired_collaborative.POMDPx""","[True, False, False, True, False, False]",1,0,0,1,0,0
241,2,"""OBSERVATION""",,1541942724,996431249,"""beginner_nontired_collaborative.POMDPx""","[True, False, False, False, False, True]",1,0,0,0,0,1
241,3,"""OBSERVATION""",,1541942730,380246324,"""beginner_nontired_collaborative.POMDPx""","[True, False, False, False, False, True]",1,0,0,0,0,1
241,4,"""OBSERVATION""",,1541942734,946406613,"""beginner_nontired_collaborative.POMDPx""","[True, False, False, False, False, True]",1,0,0,0,0,1
241,5,"""OBSERVATION""",,1541942739,530360915,"""beginner_nontired_collaborative.POMDPx""","[True, False, False, False, False, True]",1,0,0,0,0,1
241,6,"""OBSERVATION""",,1541942744,696392240,"""beginner_nontired_collaborative.POMDPx""","[True, False, False, False, False, True]",1,0,0,0,0,1
241,7,"""OBSERVATION""",,1541942749,29743322,"""beginner_nontired_collaborative.POMDPx""","[True, False, False, False, False, True]",1,0,0,0,0,1
242,1,"""OBSERVATION""",,1541942784,713096689,"""beginner_nontired_collaborative.POMDPx""","[True, False, False, True, False, False]",1,0,0,1,0,0
242,2,"""OBSERVATION""",,1541942789,929774004,"""beginner_nontired_collaborative.POMDPx""","[True, False, False, False, False, True]",1,0,0,0,0,1
242,3,"""OBSERVATION""",,1541942794,946443555,"""beginner_nontired_collaborative.POMDPx""","[True, False, False, False, False, True]",1,0,0,0,0,1
242,4,"""OBSERVATION""",,1541942809,163006248,"""beginner_nontired_collaborative.POMDPx""","[True, False, False, True, False, False]",1,0,0,1,0,0
242,5,"""OBSERVATION""",,1541942814,446556269,"""beginner_nontired_collaborative.POMDPx""","[True, False, False, False, False, True]",1,0,0,0,0,1
243,1,"""OBSERVATION""",,1541942849,746434439,"""beginner_nontired_collaborative.POMDPx""","[True, False, False, True, False, False]",1,0,0,1,0,0
243,2,"""OBSERVATION""",,1541942855,129766876,"""beginner_nontired_collaborative.POMDPx""","[True, False, False, False, False, True]",1,0,0,0,0,1
243,3,"""OBSERVATION""",,1541942860,146399811,"""beginner_nontired_collaborative.POMDPx""","[True, False, False, False, False, True]",1,0,0,0,0,1
243,4,"""OBSERVATION""",,1541942874,613028527,"""beginner_nontired_collaborative.POMDPx""","[True, False, False, True, False, False]",1,0,0,1,0,0
243,5,"""OBSERVATION""",,1541942880,179712113,"""beginner_nontired_collaborative.POMDPx""","[True, False, False, False, False, True]",1,0,0,0,0,1
244,1,"""OBSERVATION""",,1541942910,563620699,"""beginner_nontired_collaborative.POMDPx""","[True, False, True, False, False, False]",1,0,1,0,0,0
245,1,"""OBSERVATION""",,1541942937,529693325,"""beginner_nontired_collaborative.POMDPx""","[True, False, False, True, False, False]",1,0,0,1,0,0
245,2,"""OBSERVATION""",,1541942943,246381936,"""beginner_nontired_collaborative.POMDPx""","[True, False, False, False, False, True]",1,0,0,0,0,1
245,3,"""OBSERVATION""",,1541942954,129766509,"""beginner_nontired_collaborative.POMDPx""","[True, False, True, False, False, False]",1,0,1,0,0,0
246,1,"""OBSERVATION""",,1541942972,213062926,"""beginner_nontired_collaborative.POMDPx""","[True, False, False, False, False, True]",1,0,0,0,0,1
246,2,"""OBSERVATION""",,1541942983,263065759,"""beginner_nontired_collaborative.POMDPx""","[True, False, True, False, False, False]",1,0,1,0,0,0
247,1,"""OBSERVATION""",,1541943010,779753157,"""beginner_nontired_collaborative.POMDPx""","[True, False, False, True, False, False]",1,0,0,1,0,0
247,2,"""OBSERVATION""",,1541943016,663023994,"""beginner_nontired_collaborative.POMDPx""","[True, False, False, False, False, True]",1,0,0,0,0,1
247,3,"""OBSERVATION""",,1541943030,996417800,"""beginner_nontired_collaborative.POMDPx""","[True, False, False, True, False, False]",1,0,0,1,0,0
247,4,"""OBSERVATION""",,1541943037,79702117,"""beginner_nontired_collaborative.POMDPx""","[True, False, False, False, False, True]",1,0,0,0,0,1
247,5,"""OBSERVATION""",,1541943051,663118246,"""beginner_nontired_collaborative.POMDPx""","[True, False, False, True, False, False]",1,0,0,1,0,0
247,6,"""OBSERVATION""",,1541943057,29708977,"""beginner_nontired_collaborative.POMDPx""","[True, False, False, False, False, True]",1,0,0,0,0,1
247,7,"""OBSERVATION""",,1541943061,713049926,"""beginner_nontired_collaborative.POMDPx""","[True, False, False, False, True, False]",1,0,0,0,1,0
247,8,"""OBSERVATION""",,1541943066,963051042,"""beginner_nontired_collaborative.POMDPx""","[True, False, False, False, False, True]",1,0,0,0,0,1
247,9,"""OBSERVATION""",,1541943074,563060532,"""beginner_nontired_collaborative.POMDPx""","[True, False, False, False, False, True]",1,0,0,0,0,1
247,10,"""OBSERVATION""",,1541943079,846407949,"""beginner_nontired_collaborative.POMDPx""","[True, False, False, False, False, True]",1,0,0,0,0,1
247,11,"""OBSERVATION""",,1541943085,79701280,"""beginner_nontired_collaborative.POMDPx""","[True, False, False, False, False, True]",1,0,0,0,0,1
248,1,"""OBSERVATION""",,1541943119,229715452,"""beginner_nontired_collaborative.POMDPx""","[True, False, False, True, False, False]",1,0,0,1,0,0
248,2,"""OBSERVATION""",,1541943124,963054219,"""beginner_nontired_collaborative.POMDPx""","[True, False, False, False, False, True]",1,0,0,0,0,1
248,3,"""OBSERVATION""",,1541943139,379785127,"""beginner_nontired_collaborative.POMDPx""","[True, False, False, True, False, False]",1,0,0,1,0,0
248,4,"""OBSERVATION""",,1541943145,229719974,"""beginner_nontired_collaborative.POMDPx""","[True, False, False, False, False, True]",1,0,0,0,0,1
248,5,"""OBSERVATION""",,1541943150,163078142,"""beginner_nontired_collaborative.POMDPx""","[True, False, False, False, False, True]",1,0,0,0,0,1
249,1,"""OBSERVATION""",,1541943184,363659496,"""beginner_nontired_collaborative.POMDPx""","[True, False, False, True, False, False]",1,0,0,1,0,0
249,2,"""OBSERVATION""",,1541943189,879748272,"""beginner_nontired_collaborative.POMDPx""","[True, False, False, False, False, True]",1,0,0,0,0,1
249,3,"""OBSERVATION""",,1541943194,546379125,"""beginner_nontired_collaborative.POMDPx""","[True, False, False, False, False, True]",1,0,0,0,0,1
249,4,"""OBSERVATION""",,1541943198,529888933,"""beginner_nontired_collaborative.POMDPx""","[True, False, False, False, False, True]",1,0,0,0,0,1
249,5,"""OBSERVATION""",,1541943206,229876364,"""beginner_nontired_collaborative.POMDPx""","[True, False, False, False, False, True]",1,0,0,0,0,1
250,1,"""OBSERVATION""",,1541943223,529736873,"""beginner_nontired_collaborative.POMDPx""","[True, False, False, False, False, True]",1,0,0,0,0,1
250,2,"""OBSERVATION""",,1541943232,163031344,"""beginner_nontired_collaborative.POMDPx""","[True, False, False, False, False, True]",1,0,0,0,0,1
250,3,"""OBSERVATION""",,1541943246,29721066,"""beginner_nontired_collaborative.POMDPx""","[True, False, False, True, False, False]",1,0,0,1,0,0
250,4,"""OBSERVATION""",,1541943255,513069957,"""beginner_nontired_collaborative.POMDPx""","[True, False, False, False, False, True]",1,0,0,0,0,1
250,5,"""OBSERVATION""",,1541943263,996474454,"""beginner_nontired_collaborative.POMDPx""","[True, False, False, False, True, False]",1,0,0,0,1,0
251,1,"""OBSERVATION""",,1541943298,46369885,"""beginner_nontired_collaborative.POMDPx""","[True, False, False, True, False, False]",1,0,0,1,0,0
251,2,"""OBSERVATION""",,1541943303,713031377,"""beginner_nontired_collaborative.POMDPx""","[True, False, False, False, False, True]",1,0,0,0,0,1
251,3,"""OBSERVATION""",,1541943308,663205937,"""beginner_nontired_collaborative.POMDPx""","[True, False, False, False, False, True]",1,0,0,0,0,1
251,4,"""OBSERVATION""",,1541943315,913087487,"""beginner_nontired_collaborative.POMDPx""","[True, True, False, False, False, True]",1,1,0,0,0,1
251,5,"""OBSERVATION""",,1541943320,113167897,"""beginner_nontired_collaborative.POMDPx""","[True, False, False, False, False, True]",1,0,0,0,0,1
252,0,"""OBSERVATION""",,1541943335,629732048,"""beginner_nontired_collaborative.POMDPx""","[True, False, False, False, False, True]",1,0,0,0,0,1
252,1,"""OBSERVATION""",,1541943347,729708502,"""beginner_nontired_collaborative.POMDPx""","[True, True, False, False, False, True]",1,1,0,0,0,1
252,2,"""OBSERVATION""",,1541943362,796395895,"""beginner_nontired_collaborative.POMDPx""","[True, False, False, True, False, False]",1,0,0,1,0,0
252,3,"""OBSERVATION""",,1541943372,396405554,"""beginner_nontired_collaborative.POMDPx""","[True, False, False, False, False, True]",1,0,0,0,0,1
252,4,"""OBSERVATION""",,1541943388,729744234,"""beginner_nontired_collaborative.POMDPx""","[True, False, False, False, False, True]",1,0,0,0,0,1
253,1,"""OBSERVATION""",,1541943415,563530824,"""beginner_nontired_collaborative.POMDPx""","[True, False, True, False, False, False]",1,0,1,0,0,0
254,1,"""OBSERVATION""",,1541943443,181389028,"""beginner_nontired_collaborative.POMDPx""","[True, False, False, True, False, False]",1,0,0,1,0,0
254,2,"""OBSERVATION""",,1541943448,929788391,"""beginner_nontired_collaborative.POMDPx""","[True, False, False, False, False, True]",1,0,0,0,0,1
254,3,"""OBSERVATION""",,1541943454,213061890,"""beginner_nontired_collaborative.POMDPx""","[True, False, False, False, False, True]",1,0,0,0,0,1
254,4,"""OBSERVATION""",,1541943458,313607595,"""beginner_nontired_collaborative.POMDPx""","[True, False, False, False, True, False]",1,0,0,0,1,0
254,5,"""OBSERVATION""",,1541943468,946416221,"""beginner_nontired_collaborative.POMDPx""","[True, False, True, False, False, False]",1,0,1,0,0,0
255,1,"""OBSERVATION""",,1541943496,496429852,"""beginner_nontired_collaborative.POMDPx""","[True, False, False, True, False, False]",1,0,0,1,0,0
255,2,"""OBSERVATION""",,1541943502,779746567,"""beginner_nontired_collaborative.POMDPx""","[True, False, False, False, False, True]",1,0,0,0,0,1
255,3,"""OBSERVATION""",,1541943507,296443279,"""beginner_nontired_collaborative.POMDPx""","[True, False, False, False, False, True]",1,0,0,0,0,1
255,4,"""OBSERVATION""",,1541943511,879771887,"""beginner_nontired_collaborative.POMDPx""","[True, False, False, False, False, True]",1,0,0,0,0,1
255,5,"""OBSERVATION""",,1541943516,746350449,"""beginner_nontired_collaborative.POMDPx""","[True, False, False, False, False, True]",1,0,0,0,0,1
256,0,"""OBSERVATION""",,1541943531,913082554,"""beginner_nontired_collaborative.POMDPx""","[True, False, False, False, False, True]",1,0,0,0,0,1
256,1,"""OBSERVATION""",,1541943536,646415356,"""beginner_nontired_collaborative.POMDPx""","[True, False, False, False, False, True]",1,0,0,0,0,1
256,2,"""OBSERVATION""",,1541943551,646336367,"""beginner_nontired_collaborative.POMDPx""","[True, False, False, True, False, False]",1,0,0,1,0,0
256,3,"""OBSERVATION""",,1541943557,263106166,"""beginner_nontired_collaborative.POMDPx""","[True, False, False, False, False, True]",1,0,0,0,0,1
256,4,"""OBSERVATION""",,1541943562,516136132,"""beginner_nontired_collaborative.POMDPx""","[True, False, False, False, False, True]",1,0,0,0,0,1
256,5,"""OBSERVATION""",,1541943567,579829111,"""beginner_nontired_collaborative.POMDPx""","[True, False, False, False, False, True]",1,0,0,0,0,1
256,6,"""OBSERVATION""",,1541943572,479717031,"""beginner_nontired_collaborative.POMDPx""","[True, False, False, False, False, True]",1,0,0,0,0,1
257,1,"""OBSERVATION""",,1541943597,346399172,"""beginner_nontired_collaborative.POMDPx""","[True, False, False, False, False, True]",1,0,0,0,0,1
257,2,"""OBSERVATION""",,1541943612,113056331,"""beginner_nontired_collaborative.POMDPx""","[True, False, False, True, False, False]",1,0,0,1,0,0
257,3,"""OBSERVATION""",,1541943618,13097917,"""beginner_nontired_collaborative.POMDPx""","[True, False, False, False, False, True]",1,0,0,0,0,1
257,4,"""OBSERVATION""",,1541943622,580328361,"""beginner_nontired_collaborative.POMDPx""","[True, False, False, False, False, True]",1,0,0,0,0,1
257,5,"""OBSERVATION""",,1541943626,929747409,"""beginner_nontired_collaborative.POMDPx""","[True, False, False, False, True, False]",1,0,0,0,1,0
257,6,"""OBSERVATION""",,1541943632,263199880,"""beginner_nontired_collaborative.POMDPx""","[True, False, False, False, False, True]",1,0,0,0,0,1
257,7,"""OBSERVATION""",,1541943646,529708588,"""beginner_nontired_collaborative.POMDPx""","[True, False, False, True, False, False]",1,0,0,1,0,0
257,8,"""OBSERVATION""",,1541943652,413481251,"""beginner_nontired_collaborative.POMDPx""","[True, False, False, False, False, True]",1,0,0,0,0,1
257,9,"""OBSERVATION""",,1541943656,996593846,"""beginner_nontired_collaborative.POMDPx""","[True, False, False, False, False, True]",1,0,0,0,0,1
257,10,"""OBSERVATION""",,1541943661,996401281,"""beginner_nontired_collaborative.POMDPx""","[True, False, False, False, False, True]",1,0,0,0,0,1
257,11,"""OBSERVATION""",,1541943667,313039483,"""beginner_nontired_collaborative.POMDPx""","[True, False, False, False, False, True]",1,0,0,0,0,1
257,12,"""OBSERVATION""",,1541943674,763058664,"""beginner_nontired_collaborative.POMDPx""","[True, True, False, False, False, True]",1,1,0,0,0,1
257,13,"""OBSERVATION""",,1541943695,763105218,"""beginner_nontired_collaborative.POMDPx""","[True, False, False, False, False, True]",1,0,0,0,0,1
258,1,"""OBSERVATION""",,1541943723,379702165,"""beginner_nontired_collaborative.POMDPx""","[True, False, True, False, False, False]",1,0,1,0,0,0
259,1,"""OBSERVATION""",,1541943746,679681695,"""beginner_nontired_collaborative.POMDPx""","[True, False, True, False, False, False]",1,0,1,0,0,0
260,0,"""OBSERVATION""",,1541943762,479783214,"""beginner_nontired_collaborative.POMDPx""","[True, False, False, False, False, True]",1,0,0,0,0,1
260,1,"""OBSERVATION""",,1541943777,213053069,"""beginner_nontired_collaborative.POMDPx""","[True, False, False, True, False, False]",1,0,0,1,0,0
260,2,"""OBSERVATION""",,1541943783,213141724,"""beginner_nontired_collaborative.POMDPx""","[True, False, False, False, False, True]",1,0,0,0,0,1
260,3,"""OBSERVATION""",,1541943787,413079182,"""beginner_nontired_collaborative.POMDPx""","[True, False, False, False, True, False]",1,0,0,0,1,0
260,4,"""OBSERVATION""",,1541943791,846392898,"""beginner_nontired_collaborative.POMDPx""","[True, False, False, False, False, True]",1,0,0,0,0,1
260,5,"""OBSERVATION""",,1541943807,79730913,"""beginner_nontired_collaborative.POMDPx""","[True, False, False, True, False, False]",1,0,0,1,0,0
261,1,"""OBSERVATION""",,1541943836,63134666,"""beginner_nontired_collaborative.POMDPx""","[True, False, True, False, False, False]",1,0,1,0,0,0
262,1,"""OBSERVATION""",,1541943863,79752004,"""beginner_nontired_collaborative.POMDPx""","[True, False, False, True, False, False]",1,0,0,1,0,0
262,2,"""OBSERVATION""",,1541943868,563054203,"""beginner_nontired_collaborative.POMDPx""","[True, False, False, False, False, True]",1,0,0,0,0,1
262,3,"""OBSERVATION""",,1541943872,996467596,"""beginner_nontired_collaborative.POMDPx""","[True, False, False, False, True, False]",1,0,0,0,1,0
262,4,"""OBSERVATION""",,1541943880,579778734,"""beginner_nontired_collaborative.POMDPx""","[True, False, False, False, False, True]",1,0,0,0,0,1
263,1,"""OBSERVATION""",,1541943906,946519652,"""beginner_nontired_collaborative.POMDPx""","[True, False, False, True, False, False]",1,0,0,1,0,0
263,2,"""OBSERVATION""",,1541943912,913071076,"""beginner_nontired_collaborative.POMDPx""","[True, False, False, False, False, True]",1,0,0,0,0,1
263,3,"""OBSERVATION""",,1541943917,463065151,"""beginner_nontired_collaborative.POMDPx""","[True, False, False, False, False, True]",1,0,0,0,0,1
263,4,"""OBSERVATION""",,1541943922,379745361,"""beginner_nontired_collaborative.POMDPx""","[True, False, False, False, False, True]",1,0,0,0,0,1
263,5,"""OBSERVATION""",,1541943927,163097953,"""beginner_nontired_collaborative.POMDPx""","[True, False, False, False, False, True]",1,0,0,0,0,1
264,1,"""OBSERVATION""",,1541943944,246486171,"""beginner_nontired_collaborative.POMDPx""","[True, False, False, False, False, True]",1,0,0,0,0,1
264,2,"""OBSERVATION""",,1541943949,296444638,"""beginner_nontired_collaborative.POMDPx""","[True, False, False, False, False, True]",1,0,0,0,0,1
264,3,"""OBSERVATION""",,1541943963,563259881,"""beginner_nontired_collaborative.POMDPx""","[True, False, False, True, False, False]",1,0,0,1,0,0
264,4,"""OBSERVATION""",,1541943969,579795949,"""beginner_nontired_collaborative.POMDPx""","[True, False, False, False, False, True]",1,0,0,0,0,1
264,5,"""OBSERVATION""",,1541943974,63070886,"""beginner_nontired_collaborative.POMDPx""","[True, False, False, False, True, False]",1,0,0,0,1,0
264,6,"""OBSERVATION""",,1541943979,13074849,"""beginner_nontired_collaborative.POMDPx""","[True, False, False, False, False, True]",1,0,0,0,0,1
264,7,"""OBSERVATION""",,1541943983,396445855,"""beginner_nontired_collaborative.POMDPx""","[True, False, False, False, False, True]",1,0,0,0,0,1
265,1,"""OBSERVATION""",,1541944017,229736237,"""beginner_nontired_collaborative.POMDPx""","[True, False, False, True, False, False]",1,0,0,1,0,0
265,2,"""OBSERVATION""",,1541944022,896429462,"""beginner_nontired_collaborative.POMDPx""","[True, False, False, False, False, True]",1,0,0,0,0,1
265,3,"""OBSERVATION""",,1541944027,446453737,"""beginner_nontired_collaborative.POMDPx""","[True, False, False, False, False, True]",1,0,0,0,0,1
265,4,"""OBSERVATION""",,1541944030,829773014,"""beginner_nontired_collaborative.POMDPx""","[True, False, False, False, False, True]",1,0,0,0,0,1
265,5,"""OBSERVATION""",,1541944034,746434145,"""beginner_nontired_collaborative.POMDPx""","[True, False, False, False, False, True]",1,0,0,0,0,1
266,1,"""OBSERVATION""",,1541944051,729811505,"""beginner_nontired_collaborative.POMDPx""","[True, False, False, False, False, True]",1,0,0,0,0,1
266,2,"""OBSERVATION""",,1541944062,129692137,"""beginner_nontired_collaborative.POMDPx""","[True, False, True, False, False, False]",1,0,1,0,0,0
267,1,"""OBSERVATION""",,1541944085,996417219,"""beginner_nontired_collaborative.POMDPx""","[True, False, True, False, False, False]",1,0,1,0,0,0
268,1,"""OBSERVATION""",,1541944113,313241351,"""beginner_nontired_collaborative.POMDPx""","[True, False, False, True, False, False]",1,0,0,1,0,0
268,2,"""OBSERVATION""",,1541944122,779729458,"""beginner_nontired_collaborative.POMDPx""","[True, False, False, False, False, True]",1,0,0,0,0,1
268,3,"""OBSERVATION""",,1541944136,313648196,"""beginner_nontired_collaborative.POMDPx""","[True, False, False, True, False, False]",1,0,0,1,0,0
268,4,"""OBSERVATION""",,1541944141,846347939,"""beginner_nontired_collaborative.POMDPx""","[True, False, False, False, False, True]",1,0,0,0,0,1
268,5,"""OBSERVATION""",,1541944156,29776238,"""beginner_nontired_collaborative.POMDPx""","[True, False, False, False, False, True]",1,0,0,0,0,1
269,1,"""OBSERVATION""",,1541944183,163033217,"""beginner_nontired_collaborative.POMDPx""","[True, False, False, True, False, False]",1,0,0,1,0,0
269,2,"""OBSERVATION""",,1541944189,396388045,"""beginner_nontired_collaborative.POMDPx""","[True, False, False, False, False, True]",1,0,0,0,0,1
269,3,"""OBSERVATION""",,1541944193,463128249,"""beginner_nontired_collaborative.POMDPx""","[True, False, False, False, True, False]",1,0,0,0,1,0
269,4,"""OBSERVATION""",,1541944201,146395531,"""beginner_nontired_collaborative.POMDPx""","[True, False, False, False, False, True]",1,0,0,0,0,1
270,1,"""OBSERVATION""",,1541944231,496382695,"""beginner_nontired_collaborative.POMDPx""","[True, False, False, True, False, False]",1,0,0,1,0,0
270,2,"""OBSERVATION""",,1541944237,396369765,"""beginner_nontired_collaborative.POMDPx""","[True, False, False, False, False, True]",1,0,0,0,0,1
270,3,"""OBSERVATION""",,1541944247,746358242,"""beginner_nontired_collaborative.POMDPx""","[True, False, True, False, False, False]",1,0,1,0,0,0
271,1,"""OBSERVATION""",,1541944274,913064966,"""expert_tired_noncollaborative.POMDPx""","[True, False, False, True, False, False]",1,0,0,1,0,0
271,2,"""OBSERVATION""",,1541944280,296407841,"""expert_tired_noncollaborative.POMDPx""","[True, False, False, False, False, True]",1,0,0,0,0,1
271,3,"""OBSERVATION""",,1541944284,646358160,"""expert_tired_noncollaborative.POMDPx""","[True, False, False, False, False, True]",1,0,0,0,0,1
271,4,"""OBSERVATION""",,1541944288,630342070,"""expert_tired_noncollaborative.POMDPx""","[True, False, False, False, True, False]",1,0,0,0,1,0
271,5,"""OBSERVATION""",,1541944296,429736880,"""expert_tired_noncollaborative.POMDPx""","[True, False, False, False, False, True]",1,0,0,0,0,1
272,1,"""OBSERVATION""",,1541944313,296394452,"""expert_tired_noncollaborative.POMDPx""","[True, False, False, False, False, True]",1,0,0,0,0,1
272,2,"""OBSERVATION""",,1541944327,329711868,"""expert_tired_noncollaborative.POMDPx""","[True, False, False, True, False, False]",1,0,0,1,0,0
272,3,"""OBSERVATION""",,1541944333,479691812,"""expert_tired_noncollaborative.POMDPx""","[True, False, False, False, False, True]",1,0,0,0,0,1
272,4,"""OBSERVATION""",,1541944338,529706117,"""expert_tired_noncollaborative.POMDPx""","[False, True, False, False, False, False]",0,1,0,0,0,0
272,5,"""OBSERVATION""",,1541944342,346471246,"""expert_tired_noncollaborative.POMDPx""","[False, False, False, False, False, False]",0,0,0,0,0,0
272,6,"""OBSERVATION""",,1541944346,796835740,"""expert_tired_noncollaborative.POMDPx""","[False, False, False, False, False, False]",0,0,0,0,0,0
272,7,"""OBSERVATION""",,1541944351,829678623,"""expert_tired_noncollaborative.POMDPx""","[False, False, False, False, False, False]",0,0,0,0,0,0
273,1,"""OBSERVATION""",,1541944387,229852685,"""expert_tired_noncollaborative.POMDPx""","[True, False, True, False, False, False]",1,0,1,0,0,0
274,1,"""OBSERVATION""",,1541944414,746408918,"""expert_tired_noncollaborative.POMDPx""","[True, False, False, True, False, False]",1,0,0,1,0,0
274,2,"""OBSERVATION""",,1541944420,496344773,"""expert_tired_noncollaborative.POMDPx""","[True, False, False, False, False, True]",1,0,0,0,0,1
274,3,"""OBSERVATION""",,1541944425,129737626,"""expert_tired_noncollaborative.POMDPx""","[True, False, False, False, False, True]",1,0,0,0,0,1
274,4,"""OBSERVATION""",,1541944430,163128653,"""expert_tired_noncollaborative.POMDPx""","[False, True, False, False, False, False]",0,1,0,0,0,0
274,5,"""OBSERVATION""",,1541944434,396394473,"""expert_tired_noncollaborative.POMDPx""","[False, False, False, False, False, False]",0,0,0,0,0,0
274,6,"""OBSERVATION""",,1541944438,479722792,"""expert_tired_noncollaborative.POMDPx""","[False, False, False, False, False, False]",0,0,0,0,0,0
274,7,"""OBSERVATION""",,1541944442,963070314,"""expert_tired_noncollaborative.POMDPx""","[False, False, False, False, False, False]",0,0,0,0,0,0
275,1,"""OBSERVATION""",,1541944473,696432460,"""expert_tired_noncollaborative.POMDPx""","[True, False, False, False, False, True]",1,0,0,0,0,1
275,2,"""OBSERVATION""",,1541944484,313600628,"""expert_tired_noncollaborative.POMDPx""","[True, False, True, False, False, False]",1,0,1,0,0,0
276,1,"""OBSERVATION""",,1541944507,579753120,"""expert_tired_noncollaborative.POMDPx""","[True, False, True, False, False, False]",1,0,1,0,0,0
277,1,"""OBSERVATION""",,1541944524,729730194,"""expert_tired_noncollaborative.POMDPx""","[True, False, False, False, False, True]",1,0,0,0,0,1
277,2,"""OBSERVATION""",,1541944535,513121873,"""expert_tired_noncollaborative.POMDPx""","[True, False, True, False, False, False]",1,0,1,0,0,0
278,1,"""OBSERVATION""",,1541944559,679761479,"""expert_tired_noncollaborative.POMDPx""","[True, False, True, False, False, False]",1,0,1,0,0,0
279,1,"""OBSERVATION""",,1541944586,96381144,"""expert_tired_noncollaborative.POMDPx""","[True, False, False, True, False, False]",1,0,0,1,0,0
279,2,"""OBSERVATION""",,1541944591,813135048,"""expert_tired_noncollaborative.POMDPx""","[True, False, False, False, False, True]",1,0,0,0,0,1
279,3,"""OBSERVATION""",,1541944596,179765043,"""expert_tired_noncollaborative.POMDPx""","[False, True, False, False, False, False]",0,1,0,0,0,0
279,4,"""OBSERVATION""",,1541944608,846541424,"""expert_tired_noncollaborative.POMDPx""","[True, False, False, False, False, True]",1,0,0,0,0,1
280,1,"""OBSERVATION""",,1541944632,79733174,"""expert_tired_noncollaborative.POMDPx""","[True, False, True, False, False, False]",1,0,1,0,0,0
281,1,"""OBSERVATION""",,1541944658,496418586,"""expert_tired_noncollaborative.POMDPx""","[True, False, False, True, False, False]",1,0,0,1,0,0
281,2,"""OBSERVATION""",,1541944670,679730644,"""expert_tired_noncollaborative.POMDPx""","[True, False, True, False, False, False]",1,0,1,0,0,0
282,1,"""OBSERVATION""",,1541944688,579748066,"""expert_tired_noncollaborative.POMDPx""","[True, False, False, False, False, True]",1,0,0,0,0,1
282,2,"""OBSERVATION""",,1541944699,463052631,"""expert_tired_noncollaborative.POMDPx""","[True, False, True, False, False, False]",1,0,1,0,0,0
283,0,"""OBSERVATION""",,1541944714,646394905,"""expert_tired_noncollaborative.POMDPx""","[True, False, False, False, False, True]",1,0,0,0,0,1
283,1,"""OBSERVATION""",,1541944725,113080084,"""expert_tired_noncollaborative.POMDPx""","[True, False, True, False, False, False]",1,0,1,0,0,0
284,1,"""OBSERVATION""",,1541944743,113056705,"""expert_tired_noncollaborative.POMDPx""","[True, False, False, False, False, True]",1,0,0,0,0,1
284,2,"""OBSERVATION""",,1541944748,279699889,"""expert_tired_noncollaborative.POMDPx""","[True, False, False, False, False, True]",1,0,0,0,0,1
284,3,"""OBSERVATION""",,1541944753,129722439,"""expert_tired_noncollaborative.POMDPx""","[True, False, False, False, False, True]",1,0,0,0,0,1
284,4,"""OBSERVATION""",,1541944757,746396295,"""expert_tired_noncollaborative.POMDPx""","[False, True, False, False, False, False]",0,1,0,0,0,0
284,5,"""OBSERVATION""",,1541944762,730321784,"""expert_tired_noncollaborative.POMDPx""","[False, False, False, False, False, False]",0,0,0,0,0,0
284,6,"""OBSERVATION""",,1541944767,146634696,"""expert_tired_noncollaborative.POMDPx""","[False, False, False, False, False, False]",0,0,0,0,0,0
284,7,"""OBSERVATION""",,1541944771,716635494,"""expert_tired_noncollaborative.POMDPx""","[False, False, False, False, False, False]",0,0,0,0,0,0
285,1,"""OBSERVATION""",,1541944792,413068425,"""expert_tired_noncollaborative.POMDPx""","[True, False, False, False, False, True]",1,0,0,0,0,1
285,2,"""OBSERVATION""",,1541944797,29710929,"""expert_tired_noncollaborative.POMDPx""","[True, False, False, False, False, True]",1,0,0,0,0,1
285,3,"""OBSERVATION""",,1541944801,446371546,"""expert_tired_noncollaborative.POMDPx""","[False, True, False, False, False, False]",0,1,0,0,0,0
285,4,"""OBSERVATION""",,1541944805,579725534,"""expert_tired_noncollaborative.POMDPx""","[False, False, False, False, False, False]",0,0,0,0,0,0
285,5,"""OBSERVATION""",,1541944817,296332722,"""expert_tired_noncollaborative.POMDPx""","[True, False, False, False, False, True]",1,0,0,0,0,1
286,1,"""OBSERVATION""",,1541944844,429678704,"""expert_tired_noncollaborative.POMDPx""","[True, False, False, True, False, False]",1,0,0,1,0,0
286,2,"""OBSERVATION""",,1541944850,79833373,"""expert_tired_noncollaborative.POMDPx""","[True, False, False, False, False, True]",1,0,0,0,0,1
286,3,"""OBSERVATION""",,1541944854,763111908,"""expert_tired_noncollaborative.POMDPx""","[False, True, False, False, False, False]",0,1,0,0,0,0
286,4,"""OBSERVATION""",,1541944859,113479794,"""expert_tired_noncollaborative.POMDPx""","[False, False, False, False, False, False]",0,0,0,0,0,0
286,5,"""OBSERVATION""",,1541944864,196468121,"""expert_tired_noncollaborative.POMDPx""","[False, False, False, False, False, False]",0,0,0,0,0,0
286,6,"""OBSERVATION""",,1541944868,380196997,"""expert_tired_noncollaborative.POMDPx""","[False, False, False, False, False, False]",0,0,0,0,0,0
287,1,"""OBSERVATION""",,1541944895,713070290,"""expert_tired_noncollaborative.POMDPx""","[True, False, True, False, False, False]",1,0,1,0,0,0
288,1,"""OBSERVATION""",,1541944918,646421980,"""expert_tired_noncollaborative.POMDPx""","[True, False, True, False, False, False]",1,0,1,0,0,0
289,1,"""OBSERVATION""",,1541944945,996413929,"""expert_tired_noncollaborative.POMDPx""","[True, False, False, True, False, False]",1,0,0,1,0,0
289,2,"""OBSERVATION""",,1541944950,779746207,"""expert_tired_noncollaborative.POMDPx""","[True, False, False, True, False, False]",1,0,0,1,0,0
289,3,"""OBSERVATION""",,1541944955,579759918,"""expert_tired_noncollaborative.POMDPx""","[True, False, False, True, False, False]",1,0,0,1,0,0
289,4,"""OBSERVATION""",,1541944961,596416653,"""expert_tired_noncollaborative.POMDPx""","[True, False, False, False, False, True]",1,0,0,0,0,1
289,5,"""OBSERVATION""",,1541944966,463133536,"""expert_tired_noncollaborative.POMDPx""","[True, False, False, False, False, True]",1,0,0,0,0,1
289,6,"""OBSERVATION""",,1541944970,663172009,"""expert_tired_noncollaborative.POMDPx""","[True, False, False, False, False, True]",1,0,0,0,0,1
289,7,"""OBSERVATION""",,1541944974,546416365,"""expert_tired_noncollaborative.POMDPx""","[True, False, False, False, True, False]",1,0,0,0,1,0
290,1,"""OBSERVATION""",,1541945000,779721427,"""expert_tired_noncollaborative.POMDPx""","[True, False, False, False, False, True]",1,0,0,0,0,1
290,2,"""OBSERVATION""",,1541945015,646368423,"""expert_tired_noncollaborative.POMDPx""","[True, False, False, True, False, False]",1,0,0,1,0,0
290,3,"""OBSERVATION""",,1541945021,363072507,"""expert_tired_noncollaborative.POMDPx""","[True, False, False, False, False, True]",1,0,0,0,0,1
290,4,"""OBSERVATION""",,1541945025,746448073,"""expert_tired_noncollaborative.POMDPx""","[False, True, False, False, False, False]",0,1,0,0,0,0
290,5,"""OBSERVATION""",,1541945037,646367587,"""expert_tired_noncollaborative.POMDPx""","[True, False, False, False, False, True]",1,0,0,0,0,1
291,1,"""OBSERVATION""",,1541945069,746876762,"""expert_tired_noncollaborative.POMDPx""","[True, False, True, False, False, False]",1,0,1,0,0,0
292,1,"""OBSERVATION""",,1541945093,879738556,"""expert_tired_noncollaborative.POMDPx""","[True, False, True, False, False, False]",1,0,1,0,0,0
293,1,"""OBSERVATION""",,1541945120,879739963,"""expert_tired_noncollaborative.POMDPx""","[True, False, False, True, False, False]",1,0,0,1,0,0
293,2,"""OBSERVATION""",,1541945125,229729363,"""expert_tired_noncollaborative.POMDPx""","[True, False, False, True, False, False]",1,0,0,1,0,0
293,3,"""OBSERVATION""",,1541945131,379743779,"""expert_tired_noncollaborative.POMDPx""","[True, False, False, False, False, True]",1,0,0,0,0,1
293,4,"""OBSERVATION""",,1541945135,963062131,"""expert_tired_noncollaborative.POMDPx""","[False, True, False, False, False, False]",0,1,0,0,0,0
293,5,"""OBSERVATION""",,1541945140,479691482,"""expert_tired_noncollaborative.POMDPx""","[False, False, False, False, False, False]",0,0,0,0,0,0
293,6,"""OBSERVATION""",,1541945144,929817472,"""expert_tired_noncollaborative.POMDPx""","[False, False, False, False, False, False]",0,0,0,0,0,0
293,7,"""OBSERVATION""",,1541945156,579754241,"""expert_tired_noncollaborative.POMDPx""","[True, False, False, False, False, True]",1,0,0,0,0,1
294,1,"""OBSERVATION""",,1541945186,431472097,"""expert_tired_noncollaborative.POMDPx""","[True, False, False, True, False, False]",1,0,0,1,0,0
294,2,"""OBSERVATION""",,1541945191,13068425,"""expert_tired_noncollaborative.POMDPx""","[True, False, False, True, True, False]",1,0,0,1,1,0
294,3,"""OBSERVATION""",,1541945196,96390025,"""expert_tired_noncollaborative.POMDPx""","[True, False, False, False, False, True]",1,0,0,0,0,1
294,4,"""OBSERVATION""",,1541945207,129712990,"""expert_tired_noncollaborative.POMDPx""","[True, False, True, False, False, False]",1,0,1,0,0,0
295,1,"""OBSERVATION""",,1541945234,296436478,"""expert_tired_noncollaborative.POMDPx""","[True, False, False, True, False, False]",1,0,0,1,0,0
295,2,"""OBSERVATION""",,1541945239,729971680,"""expert_tired_noncollaborative.POMDPx""","[True, False, False, False, False, True]",1,0,0,0,0,1
295,3,"""OBSERVATION""",,1541945244,329781909,"""expert_tired_noncollaborative.POMDPx""","[True, False, False, False, False, True]",1,0,0,0,0,1
295,4,"""OBSERVATION""",,1541945249,296470420,"""expert_tired_noncollaborative.POMDPx""","[True, False, False, False, False, True]",1,0,0,0,0,1
295,5,"""OBSERVATION""",,1541945253,779742605,"""expert_tired_noncollaborative.POMDPx""","[True, False, False, False, False, True]",1,0,0,0,0,1
296,1,"""OBSERVATION""",,1541945281,213154290,"""expert_tired_noncollaborative.POMDPx""","[True, False, False, True, False, False]",1,0,0,1,0,0
296,2,"""OBSERVATION""",,1541945289,946388932,"""expert_tired_noncollaborative.POMDPx""","[True, True, False, False, False, True]",1,1,0,0,0,1
296,3,"""OBSERVATION""",,1541945294,696423572,"""expert_tired_noncollaborative.POMDPx""","[False, True, False, False, False, False]",0,1,0,0,0,0
296,4,"""OBSERVATION""",,1541945298,896454359,"""expert_tired_noncollaborative.POMDPx""","[False, True, False, False, False, False]",0,1,0,0,0,0
296,5,"""OBSERVATION""",,1541945303,279719724,"""expert_tired_noncollaborative.POMDPx""","[False, False, False, False, False, False]",0,0,0,0,0,0
296,6,"""OBSERVATION""",,1541945307,946354379,"""expert_tired_noncollaborative.POMDPx""","[False, False, False, False, False, False]",0,0,0,0,0,0
297,1,"""OBSERVATION""",,1541945335,529692809,"""expert_tired_noncollaborative.POMDPx""","[True, False, True, False, False, False]",1,0,1,0,0,0
298,1,"""OBSERVATION""",,1541945363,513031063,"""expert_tired_noncollaborative.POMDPx""","[True, False, False, True, False, False]",1,0,0,1,0,0
298,2,"""OBSERVATION""",,1541945369,529695463,"""expert_tired_noncollaborative.POMDPx""","[True, False, False, False, False, True]",1,0,0,0,0,1
298,3,"""OBSERVATION""",,1541945374,146506895,"""expert_tired_noncollaborative.POMDPx""","[False, True, False, False, False, False]",0,1,0,0,0,0
298,4,"""OBSERVATION""",,1541945378,713082674,"""expert_tired_noncollaborative.POMDPx""","[False, False, False, False, False, False]",0,0,0,0,0,0
298,5,"""OBSERVATION""",,1541945383,246414023,"""expert_tired_noncollaborative.POMDPx""","[False, False, False, False, False, False]",0,0,0,0,0,0
298,6,"""OBSERVATION""",,1541945387,863293934,"""expert_tired_noncollaborative.POMDPx""","[False, False, False, False, False, False]",0,0,0,0,0,0
299,1,"""OBSERVATION""",,1541945415,313142312,"""expert_tired_noncollaborative.POMDPx""","[True, False, True, False, False, False]",1,0,1,0,0,0
300,1,"""OBSERVATION""",,1541945442,113139648,"""expert_tired_noncollaborative.POMDPx""","[True, False, False, True, False, False]",1,0,0,1,0,0
300,2,"""OBSERVATION""",,1541945450,13293401,"""expert_tired_noncollaborative.POMDPx""","[True, True, False, False, False, True]",1,1,0,0,0,1
300,3,"""OBSERVATION""",,1541945453,797006790,"""expert_tired_noncollaborative.POMDPx""","[True, True, False, False, True, False]",1,1,0,0,1,0
300,4,"""OBSERVATION""",,1541945464,463477101,"""expert_tired_noncollaborative.POMDPx""","[True, False, True, False, False, False]",1,0,1,0,0,0
